# omnis-workload v1
# category: arithmetic
# generator_version: 2
# generator_sha: c0ba809b03ae9e1de96766c4fe76347498e23bfd
# omnis_min_version: 0.1.0
# created_utc: 2025-05-07T00:00:00Z
# count: 7
# body_sha256: 38607d9ab2c8c45ce31f51da7e82cbfb3b157ea31b22506d8f6e7c5a2c8f6896
# selection_rule: OEIS A000005, A000010, A000203, A001222, A001221, A008683, A008836; mod A=4 except liouville at A=2
arith_d_n 4 200 1 2 2 3 2 0 2 0 3 0 2 2 2 0 0 1 2 2 2 2 0 0 2 0 3 0 0 2 2 0 2 2 0 0 0 1 2 0 0 0 2 0 2 2 2 0 2 2 3 2 0 2 2 0 0 0 0 0 2 0 2 0 2 3 0 0 2 2 0 0 2 0 2 0 2 2 0 0 2 2 1 0 2 0 0 0 0 0 2 0 0 2 0 0 0 0 2 2 2 1 2 0 2 0 0 0 2 0 2 0 0 2 2 0 0 2 2 0 0 0 3 0 0 2 0 0 2 0 0 0 2 0 0 0 0 0 2 0 2 0 0 0 0 3 0 0 2 2 2 0 2 0 2 0 0 0 2 0 0 0 0 2 2 2 0 0 2 0 3 0 2 2 2 0 2 2 0 0 2 2 2 0 0 0 0 0 0 2 0 0 2 2 2 0 0 1 2 0 2 0
arith_phi_n 4 200 1 1 2 2 0 2 2 0 2 0 2 0 0 2 0 0 0 2 2 0 0 2 2 0 0 0 2 0 0 0 2 0 0 0 0 0 0 2 0 0 0 0 2 0 0 2 2 0 2 0 0 0 0 2 0 0 0 0 2 0 0 2 0 0 0 0 2 0 0 0 2 0 0 0 0 0 0 0 2 0 2 0 2 0 0 2 0 0 0 0 0 0 0 2 0 0 0 2 0 0 0 0 2 0 0 0 2 0 0 0 0 0 0 0 0 0 0 2 0 0 2 0 0 0 0 0 2 0 0 0 2 0 0 2 0 0 0 0 2 0 0 2 0 0 0 0 0 0 0 0 2 0 0 0 0 0 0 2 0 0 0 2 2 0 0 2 2 0 0 0 0 0 0 0 0 0 0 0 2 0 0 0 0 0 0 0 0 0 0 0 2 0 0 0 0 0 0 0 2 0
arith_sigma_n 4 200 1 3 0 3 2 0 0 3 1 2 0 0 2 0 0 3 2 3 0 2 0 0 0 0 3 2 0 0 2 0 0 3 0 2 0 3 2 0 0 2 2 0 0 0 2 0 0 0 1 1 0 2 2 0 0 0 0 2 0 0 2 0 0 3 0 0 0 2 0 0 0 3 2 2 0 0 0 0 0 2 1 2 0 0 0 0 0 0 2 2 0 0 0 0 0 0 2 3 0 1 2 0 0 2 0 2 0 0 2 0 0 0 2 0 0 2 2 0 0 0 1 2 0 0 0 0 0 3 0 0 0 0 0 0 0 2 2 0 0 0 0 0 0 3 0 2 0 2 2 0 0 0 2 0 0 0 2 0 0 2 0 3 0 2 0 0 0 0 3 0 0 0 2 0 0 0 0 2 0 2 2 0 0 0 0 0 0 0 0 0 0 0 2 2 0 3 2 0 0 1
arith_bigomega 4 200 0 1 1 2 1 2 1 3 2 2 1 3 1 2 2 0 1 3 1 3 2 2 1 0 2 2 3 3 1 3 1 1 2 2 2 0 1 2 2 0 1 3 1 3 3 2 1 1 2 3 2 3 1 0 2 0 2 2 1 0 1 2 3 2 2 3 1 3 2 3 1 1 1 2 3 3 2 3 1 1 0 2 1 0 2 2 2 0 1 0 2 3 2 2 2 2 1 3 3 0 1 3 1 0 3 2 1 1 1 3 2 1 1 3 2 3 3 2 2 1 2 2 2 3 3 0 1 3 2 3 1 0 2 2 0 0 1 3 1 0 2 2 2 2 2 2 3 3 1 0 1 0 3 3 2 0 1 2 2 2 2 1 1 3 3 2 1 1 2 3 3 3 1 3 3 1 2 2 1 1 1 3 2 0 2 3 2 3 0 3 1 3 1 2 3 0 1 0 1 1
arith_smomega 4 200 0 1 1 1 1 2 1 1 1 2 1 2 1 2 2 1 1 2 1 2 2 2 1 2 1 2 1 2 1 3 1 1 2 2 2 2 1 2 2 2 1 3 1 2 2 2 1 2 1 2 2 2 1 2 2 2 2 2 1 3 1 2 2 1 2 3 1 2 2 3 1 2 1 2 2 2 2 3 1 2 1 2 1 3 2 2 2 2 1 3 2 2 2 2 2 2 1 2 2 2 1 3 1 2 3 2 1 2 1 3 2 2 1 3 2 2 2 2 2 3 1 2 2 2 1 3 1 1 2 3 1 3 2 2 2 2 1 3 1 3 2 2 2 2 2 2 2 2 1 3 1 2 2 3 2 3 1 2 2 2 2 2 1 2 3 2 1 3 1 3 2 2 1 3 2 2 2 2 1 3 1 3 2 2 2 3 2 2 2 3 1 2 1 2 3 2 1 3 1 2
arith_mobius 4 200 1 3 3 0 3 1 3 0 0 1 3 0 3 1 1 0 3 0 3 0 1 1 3 0 0 1 0 0 3 3 3 0 1 1 1 0 3 1 1 0 3 3 3 0 0 1 3 0 0 0 1 0 3 0 1 0 1 1 3 0 3 1 0 0 1 3 3 0 1 3 3 0 3 1 0 0 1 3 3 0 0 1 3 0 1 1 1 0 3 0 1 0 1 1 1 0 3 0 0 0 3 3 3 0 3 1 3 0 3 3 1 0 3 3 1 0 0 1 1 0 0 1 1 0 0 0 3 0 1 3 3 0 1 1 0 0 3 3 3 0 1 1 1 0 1 1 0 0 3 0 3 0 0 3 1 0 3 1 1 0 1 0 3 0 3 1 3 0 0 3 0 0 3 3 0 0 1 1 3 0 3 3 1 0 1 3 1 0 0 3 3 0 3 1 3 0 3 0 3 0
arith_liouv 2 200 0 1 1 0 1 0 1 1 0 0 1 1 1 0 0 0 1 1 1 1 0 0 1 0 0 0 1 1 1 1 1 1 0 0 0 0 1 0 0 0 1 1 1 1 1 0 1 1 0 1 0 1 1 0 0 0 0 0 1 0 1 0 1 0 0 1 1 1 0 1 1 1 1 0 1 1 0 1 1 1 0 0 1 0 0 0 0 0 1 0 0 1 0 0 0 0 1 1 1 0 1 1 1 0 1 0 1 1 1 1 0 1 1 1 0 1 1 0 0 1 0 0 0 1 1 0 1 1 0 1 1 0 0 0 0 0 1 1 1 0 0 0 0 0 0 0 1 1 1 0 1 0 1 1 0 0 1 0 0 0 0 1 1 1 1 0 1 1 0 1 1 1 1 1 1 1 0 0 1 1 1 1 0 0 0 1 0 1 0 1 1 1 1 0 1 0 1 0 1 1
