# omnis-workload v1
# category: benchmark14
# generator_version: 2
# generator_sha: c0ba809b03ae9e1de96766c4fe76347498e23bfd
# omnis_min_version: 0.1.0
# created_utc: 2025-05-07T00:00:00Z
# count: 14
# body_sha256: 8a34f57ca5b5641d9602421eb07e43aa7ceaf51efb7437d85896de077da01daa
# selection_rule: 12 hand-written reference targets (see tests/benchmarks.h)
bench_counting 4 266 0 1 2 3 0 1 2 3 0 1 2 3 0 1 2 3 0 1 2 3 0 1 2 3 0 1 2 3 0 1 2 3 0 1 2 3 0 1 2 3 0 1 2 3 0 1 2 3 0 1 2 3 0 1 2 3 0 1 2 3 0 1 2 3 0 1 2 3 0 1 2 3 0 1 2 3 0 1 2 3 0 1 2 3 0 1 2 3 0 1 2 3 0 1 2 3 0 1 2 3 0 1 2 3 0 1 2 3 0 1 2 3 0 1 2 3 0 1 2 3 0 1 2 3 0 1 2 3 0 1 2 3 0 1 2 3 0 1 2 3 0 1 2 3 0 1 2 3 0 1 2 3 0 1 2 3 0 1 2 3 0 1 2 3 0 1 2 3 0 1 2 3 0 1 2 3 0 1 2 3 0 1 2 3 0 1 2 3 0 1 2 3 0 1 2 3 0 1 2 3 0 1 2 3 0 1 2 3 0 1 2 3 0 1 2 3 0 1 2 3 0 1 2 3 0 1 2 3 0 1 2 3 0 1 2 3 0 1 2 3 0 1 2 3 0 1 2 3 0 1 2 3 0 1 2 3 0 1 2 3 0 1 2 3 0 1
bench_pow3mod7 7 70 1 3 2 6 4 5 1 3 2 6 4 5 1 3 2 6 4 5 1 3 2 6 4 5 1 3 2 6 4 5 1 3 2 6 4 5 1 3 2 6 4 5 1 3 2 6 4 5 1 3 2 6 4 5 1 3 2 6 4 5 1 3 2 6 4 5 1 3 2 6
bench_trimod8 8 70 0 1 3 6 2 7 5 4 4 5 7 2 6 3 1 0 0 1 3 6 2 7 5 4 4 5 7 2 6 3 1 0 0 1 3 6 2 7 5 4 4 5 7 2 6 3 1 0 0 1 3 6 2 7 5 4 4 5 7 2 6 3 1 0 0 1 3 6 2 7
bench_fibmod4 4 70 1 1 2 3 1 0 1 1 2 3 1 0 1 1 2 3 1 0 1 1 2 3 1 0 1 1 2 3 1 0 1 1 2 3 1 0 1 1 2 3 1 0 1 1 2 3 1 0 1 1 2 3 1 0 1 1 2 3 1 0 1 1 2 3 1 0 1 1 2 3
bench_thuemorse 2 341 0 1 1 0 1 0 0 1 1 0 0 1 0 1 1 0 1 0 0 1 0 1 1 0 0 1 1 0 1 0 0 1 1 0 0 1 0 1 1 0 0 1 1 0 1 0 0 1 0 1 1 0 1 0 0 1 1 0 0 1 0 1 1 0 1 0 0 1 0 1 1 0 0 1 1 0 1 0 0 1 0 1 1 0 1 0 0 1 1 0 0 1 0 1 1 0 0 1 1 0 1 0 0 1 1 0 0 1 0 1 1 0 1 0 0 1 0 1 1 0 0 1 1 0 1 0 0 1 1 0 0 1 0 1 1 0 0 1 1 0 1 0 0 1 0 1 1 0 1 0 0 1 1 0 0 1 0 1 1 0 0 1 1 0 1 0 0 1 1 0 0 1 0 1 1 0 1 0 0 1 0 1 1 0 0 1 1 0 1 0 0 1 0 1 1 0 1 0 0 1 1 0 0 1 0 1 1 0 1 0 0 1 0 1 1 0 0 1 1 0 1 0 0 1 1 0 0 1 0 1 1 0 0 1 1 0 1 0 0 1 0 1 1 0 1 0 0 1 1 0 0 1 0 1 1 0 1 0 0 1 0 1 1 0 0 1 1 0 1 0 0 1 0 1 1 0 1 0 0 1 1 0 0 1 0 1 1 0 0 1 1 0 1 0 0 1 1 0 0 1 0 1 1 0 1 0 0 1 0 1 1 0 0 1 1 0 1 0 0 1 0 1 1 0 1 0 0 1 1 0 0 1 0 1 1 0 1 0 0 1 0
bench_digitsum4 4 133 0 1 2 3 1 2 3 0 2 3 0 1 3 0 1 2 1 2 3 0 2 3 0 1 3 0 1 2 0 1 2 3 2 3 0 1 3 0 1 2 0 1 2 3 1 2 3 0 3 0 1 2 0 1 2 3 1 2 3 0 2 3 0 1 1 2 3 0 2 3 0 1 3 0 1 2 0 1 2 3 2 3 0 1 3 0 1 2 0 1 2 3 1 2 3 0 3 0 1 2 0 1 2 3 1 2 3 0 2 3 0 1 0 1 2 3 1 2 3 0 2 3 0 1 3 0 1 2 2 3 0 1 3
bench_collatz 4 70 1 0 2 1 0 2 1 0 2 1 0 2 1 0 2 1 0 2 1 0 2 1 0 2 1 0 2 1 0 2 1 0 2 1 0 2 1 0 2 1 0 2 1 0 2 1 0 2 1 0 2 1 0 2 1 0 2 1 0 2 1 0 2 1 0 2 1 0 2 1
bench_rule30 2 266 1 1 0 1 1 1 0 0 1 1 0 0 0 1 0 1 1 0 0 1 0 0 1 1 1 0 1 0 1 1 1 0 0 1 1 1 0 1 0 1 0 1 1 0 0 0 0 1 1 0 0 1 0 1 0 1 1 0 1 0 1 0 1 1 1 1 1 1 0 0 0 0 1 1 1 1 0 0 0 1 0 1 0 1 1 1 0 0 0 0 0 1 0 0 1 0 1 1 0 0 0 1 1 1 0 0 0 1 1 0 1 1 0 1 1 0 1 0 0 0 0 0 0 0 1 0 0 0 1 1 1 1 1 0 1 1 1 0 1 0 0 1 1 1 0 0 0 1 1 1 0 1 0 1 1 1 0 0 0 0 0 1 1 0 0 1 0 0 0 1 1 0 0 1 1 1 1 0 0 1 1 1 1 1 1 0 0 0 0 0 0 1 1 1 1 1 1 1 0 1 1 0 0 1 0 1 1 0 1 1 1 0 0 0 0 0 1 0 1 1 0 0 0 1 1 0 1 1 0 0 0 1 1 0 0 0 1 1 1 0 1 1 0 1 1 0 0 1 0 1 0 1 1 1 1 1 1 1 0 1 1 0 1 0 1 1
bench_parityalt 2 70 0 0 1 1 1 1 0 0 1 1 0 0 0 0 1 1 1 1 0 0 0 0 1 1 0 0 1 1 1 1 0 0 1 1 0 0 0 0 1 1 0 0 1 1 1 1 0 0 0 0 1 1 1 1 0 0 1 1 0 0 0 0 1 1 1 1 0 0 0 0
bench_champernowne 4 133 0 1 2 3 1 0 1 1 1 2 1 3 2 0 2 1 2 2 2 3 3 0 3 1 3 2 3 3 1 0 0 1 0 1 1 0 2 1 0 3 1 1 0 1 1 1 1 1 2 1 1 3 1 2 0 1 2 1 1 2 2 1 2 3 1 3 0 1 3 1 1 3 2 1 3 3 2 0 0 2 0 1 2 0 2 2 0 3 2 1 0 2 1 1 2 1 2 2 1 3 2 2 0 2 2 1 2 2 2 2 2 3 2 3 0 2 3 1 2 3 2 2 3 3 3 0 0 3 0 1 3 0 2
bench_collatzstop 4 70 1 3 2 1 0 0 3 3 2 2 1 1 1 1 0 0 0 0 3 3 3 3 2 3 2 3 2 2 2 2 1 2 1 1 1 1 1 2 0 1 0 1 0 0 0 0 3 0 0 0 3 3 0 0 3 0 3 0 3 3 3 3 2 3 3 3 2 2 2 2
bench_pib4 4 266 3 0 2 1 0 0 3 3 3 1 2 2 2 2 0 2 0 2 0 1 1 2 2 0 3 0 0 2 0 3 1 0 3 0 1 0 3 0 1 2 1 2 0 2 2 0 2 3 2 0 0 0 3 1 3 0 0 1 3 0 3 1 0 1 0 2 2 1 0 0 0 2 1 0 3 2 0 0 2 0 2 0 2 2 1 2 1 3 3 0 3 0 1 3 1 0 0 0 0 2 0 0 2 3 2 3 3 2 2 2 1 2 0 3 2 3 0 1 0 3 2 1 2 3 0 2 0 2 1 1 0 1 1 0 2 2 0 0 2 0 1 3 2 1 2 0 3 2 0 3 1 0 0 0 1 0 3 1 3 1 3 2 3 3 2 1 1 1 0 1 2 1 2 3 0 3 3 0 3 1 0 3 2 2 1 0 0 3 0 1 2 3 0 3 0 0 0 2 2 3 0 0 2 2 1 2 3 1 3 3 0 2 1 1 3 3 0 1 1 0 0 3 1 3 1 0 3 3 3 2 0 1 0 3 1 1 1 2 3 1 1 2 3 1 1 1 0 1 3 0 0 2 1 0 1 1 3 2 1 0 2 0 1 1 2 3
bench_divisorcount 4 70 1 2 2 3 2 0 2 0 3 0 2 2 2 0 0 1 2 2 2 2 0 0 2 0 3 0 0 2 2 0 2 2 0 0 0 1 2 0 0 0 2 0 2 2 2 0 2 2 3 2 0 2 2 0 0 0 0 0 2 0 2 0 2 3 0 0 2 2 0 0
bench_sigma 4 70 1 3 0 3 2 0 0 3 1 2 0 0 2 0 0 3 2 3 0 2 0 0 0 0 3 2 0 0 2 0 0 3 0 2 0 3 2 0 0 2 2 0 0 0 2 0 0 0 1 1 0 2 2 0 0 0 0 2 0 0 2 0 0 3 0 0 0 2 0 0
