# omnis-workload v1
# category: neg_controls
# generator_version: 2
# generator_sha: c0ba809b03ae9e1de96766c4fe76347498e23bfd
# omnis_min_version: 0.1.0
# created_utc: 2025-05-07T00:00:00Z
# count: 20
# body_sha256: 96f5d13d6f868d623cf8a81faacbf37e1b05dccb293164b9f2233c797e34e4c8
# selection_rule: Pi-base-4 (1) + seeded random (10, 5 per A in {2,4}) + seeded crypto-style (9, 5@A=2 + 4@A=4); all expected incompressible
neg_pi_b4 4 500 3 0 2 1 0 0 3 3 3 1 2 2 2 2 0 2 0 2 0 1 1 2 2 0 3 0 0 2 0 3 1 0 3 0 1 0 3 0 1 2 1 2 0 2 2 0 2 3 2 0 0 0 3 1 3 0 0 1 3 0 3 1 0 1 0 2 2 1 0 0 0 2 1 0 3 2 0 0 2 0 2 0 2 2 1 2 1 3 3 0 3 0 1 3 1 0 0 0 0 2 0 0 2 3 2 3 3 2 2 2 1 2 0 3 2 3 0 1 0 3 2 1 2 3 0 2 0 2 1 1 0 1 1 0 2 2 0 0 2 0 1 3 2 1 2 0 3 2 0 3 1 0 0 0 1 0 3 1 3 1 3 2 3 3 2 1 1 1 0 1 2 1 2 3 0 3 3 0 3 1 0 3 2 2 1 0 0 3 0 1 2 3 0 3 0 0 0 2 2 3 0 0 2 2 1 2 3 1 3 3 0 2 1 1 3 3 0 1 1 0 0 3 1 3 1 0 3 3 3 2 0 1 0 3 1 1 1 2 3 1 1 2 3 1 1 1 0 1 3 0 0 2 1 0 1 1 3 2 1 0 2 0 1 1 2 3 1 1 1 3 1 2 1 2 0 2 1 1 3 2 1 3 3 2 3 0 1 2 3 3 1 0 1 0 3 0 1 0 0 2 3 2 2 1 2 2 1 2 0 3 1 3 3 2 3 1 1 2 2 3 0 0 2 3 3 3 3 3 1 1 3 0 2 3 1 2 3 3 1 0 0 0 1 2 2 3 1 3 3 2 3 1 3 2 3 2 0 3 2 0 1 2 2 3 3 3 2 3 1 1 2 2 2 0 2 1 2 1 3 3 2 2 1 1 2 2 3 2 2 1 3 3 0 2 1 0 0 1 0 1 1 3 3 0 1 0 2 3 0 1 3 3 3 2 1 2 1 0 2 1 0 2 2 0 1 2 1 2 1 1 0 1 3 2 3 0 3 2 1 0 1 1 2 3 0 3 3 1 3 0 0 2 0 0 0 0 1 3 3 0 2 3 2 0 2 2 0 1 1 2 0 3 2 3 3 3 0 0 1 1 2 1 2 0 3 1 2 2 1 0 2 0 0 3 1 2 0 1 3 0
neg_random_a2_s1992 2 500 1 1 1 0 1 1 1 1 1 0 0 0 1 0 0 0 1 1 0 1 0 1 0 0 0 1 0 0 0 1 1 1 1 0 1 0 1 0 0 0 0 0 1 1 1 1 0 1 1 1 1 1 1 1 0 1 1 0 1 0 1 0 1 1 0 1 0 1 1 1 0 0 0 1 1 1 1 0 1 0 0 0 1 0 0 0 0 0 0 1 0 1 0 1 0 0 1 0 1 0 0 1 1 0 1 0 1 1 1 0 0 0 1 0 0 1 1 0 1 0 0 1 0 0 1 0 0 1 0 1 1 1 0 1 0 1 0 0 1 1 1 0 1 1 1 0 1 1 0 0 1 0 1 1 0 0 1 0 0 1 1 0 0 1 0 1 0 0 1 1 0 1 1 0 1 1 1 1 1 0 0 0 1 0 1 1 0 0 0 0 0 0 1 0 0 0 0 1 0 1 1 1 0 0 0 1 1 0 0 0 0 0 0 0 0 1 1 1 0 1 1 1 0 1 0 0 1 0 0 1 0 1 1 1 0 1 0 0 1 0 0 0 1 1 0 0 0 1 0 0 0 0 1 0 0 0 0 0 0 1 0 0 0 1 0 1 0 0 1 1 0 1 0 0 1 1 0 1 0 1 0 0 1 1 1 1 1 0 1 0 1 1 1 1 1 1 0 1 1 1 1 1 1 0 1 0 1 0 0 0 1 1 1 0 0 0 0 1 1 1 0 0 0 0 1 1 0 1 0 1 0 0 0 0 1 0 0 1 0 0 1 1 0 0 0 0 0 0 1 0 0 1 0 1 1 0 1 0 0 1 1 0 1 1 0 0 1 1 0 0 1 0 0 1 1 0 1 0 0 0 1 0 1 1 0 1 0 0 0 0 0 1 0 0 1 0 1 0 0 1 0 0 0 1 1 1 1 0 1 1 0 0 0 1 1 1 1 1 1 0 0 0 1 0 1 1 0 0 1 0 0 1 0 0 0 0 0 1 1 0 1 0 0 0 0 1 0 0 1 0 0 0 0 1 1 0 0 1 1 1 0 0 1 0 1 0 0 0 0 0 1 1 1 0 1 0 0 0 1 1 1 1 1 1 1 0 1 1 0 0 0 0 1 1 0 0 0 0 1 0
neg_random_a2_s9245 2 500 0 0 0 0 1 0 1 0 0 0 1 1 0 1 1 0 0 0 0 1 0 1 1 1 1 1 0 0 1 0 0 0 1 1 1 1 1 1 0 1 1 1 0 0 1 1 1 0 1 1 1 0 0 1 0 0 0 1 0 1 1 1 0 0 0 1 0 0 0 0 1 1 0 0 0 0 0 0 0 0 0 1 1 1 0 1 1 1 1 0 1 0 0 1 0 0 0 1 1 0 1 1 1 1 1 1 0 1 1 0 1 1 1 0 0 0 0 1 0 0 1 0 0 1 0 1 1 1 1 0 0 0 1 0 0 1 0 1 0 0 1 0 0 1 0 0 1 1 0 0 1 1 0 0 0 0 0 0 1 0 1 0 0 0 0 1 0 0 0 1 1 1 0 1 0 1 1 1 1 0 0 0 0 1 1 1 1 1 0 0 0 0 0 1 1 1 0 1 0 1 0 0 0 1 1 1 1 0 1 0 1 1 1 1 0 0 0 1 1 0 1 0 1 1 1 1 0 0 0 0 0 1 1 0 0 1 0 1 1 0 1 0 1 0 1 1 0 0 0 0 1 0 1 1 0 1 0 1 0 1 0 0 0 0 0 1 1 0 1 1 1 1 0 0 0 1 0 0 0 0 0 1 0 1 1 1 0 0 1 0 1 1 0 0 0 1 1 0 1 0 1 1 0 0 0 1 1 0 0 0 0 0 0 1 0 1 0 0 1 0 0 0 0 1 0 1 1 1 0 1 1 0 0 0 1 1 1 1 1 0 1 0 0 1 1 1 0 1 0 1 1 0 0 1 0 0 1 0 1 0 1 1 0 0 1 1 0 0 0 1 1 0 0 0 1 0 1 0 0 1 0 1 0 1 0 1 1 1 0 0 0 1 1 1 1 1 0 0 0 0 1 1 1 1 1 0 0 1 1 0 0 0 0 1 0 1 0 1 0 0 1 1 0 1 0 1 0 1 1 0 1 1 1 1 0 0 1 1 0 0 0 1 0 0 0 1 0 0 0 0 0 0 0 0 1 1 1 1 1 0 1 0 0 1 1 0 0 0 0 1 1 1 0 0 1 0 0 0 0 1 0 1 0 0 1 0 0 0 1 1 1 0 1 1 1 1 1 0 1 1
neg_random_a2_s16482 2 500 1 1 0 1 0 0 0 0 1 0 1 0 1 1 1 1 1 0 0 0 1 1 0 0 0 0 1 1 0 1 0 1 0 1 0 0 1 0 0 0 0 1 1 1 1 1 0 0 1 0 1 1 1 0 1 1 0 1 1 1 1 0 0 0 0 1 1 1 1 1 0 0 0 0 0 0 0 0 0 1 1 0 0 1 0 1 0 1 0 1 0 1 0 1 0 1 0 1 1 0 1 0 0 0 0 0 0 0 0 1 1 0 0 0 1 0 0 1 1 1 0 1 1 1 1 1 0 0 0 0 0 1 1 1 1 1 1 1 0 0 1 0 1 1 0 1 0 0 1 0 1 0 0 1 1 0 0 0 1 0 1 0 1 0 0 0 0 0 1 1 1 0 0 0 1 1 0 1 1 0 1 0 0 1 1 0 0 1 1 1 0 0 1 1 0 1 0 0 0 1 0 1 0 0 0 0 0 0 1 1 1 0 0 0 1 0 1 1 0 1 0 1 0 1 1 1 0 0 1 1 1 0 1 1 1 0 0 1 0 0 0 1 1 0 0 1 0 1 1 0 0 0 1 1 1 0 1 1 0 0 1 0 1 1 0 1 0 1 1 0 0 0 1 0 0 1 0 1 0 0 0 1 1 0 1 0 0 0 0 1 0 0 0 0 0 1 0 0 0 0 1 0 1 1 0 1 0 1 1 0 0 0 1 0 1 0 1 0 1 0 1 1 1 0 1 0 0 0 1 1 0 0 1 0 1 1 1 0 0 0 0 1 1 1 0 0 0 1 0 0 1 1 1 1 1 1 0 0 1 0 0 0 0 1 0 1 0 0 0 1 0 0 1 1 0 0 1 0 0 1 1 1 0 0 0 0 1 1 0 0 0 1 0 0 1 1 1 1 1 1 0 1 1 1 0 1 1 0 0 1 0 1 0 1 0 1 0 1 0 0 1 0 1 0 1 1 0 1 0 1 0 0 0 0 1 0 0 0 1 1 1 1 0 1 1 0 1 1 1 0 0 0 1 1 1 1 1 1 1 1 0 1 0 1 1 1 0 0 1 0 0 1 0 0 0 1 1 0 1 1 1 0 0 0 0 1 1 1 0 0 0 0 1 0 1 0 0 1 1 0
neg_random_a2_s27831 2 500 0 1 0 0 0 0 1 1 0 1 0 1 1 1 0 1 1 1 0 1 1 1 1 0 1 1 0 1 1 0 1 1 0 0 0 0 0 0 0 0 1 1 0 1 1 1 0 0 0 1 0 0 0 1 1 1 0 0 0 0 1 1 0 1 1 1 0 1 1 1 1 1 0 0 1 0 1 0 0 0 1 0 0 0 1 0 1 1 0 1 0 0 1 0 0 0 0 0 0 0 0 1 0 0 0 1 1 1 0 0 0 0 1 0 0 0 0 0 1 0 1 1 1 0 0 0 1 1 0 0 0 1 1 0 0 1 1 0 1 0 0 1 1 0 1 0 0 1 1 1 0 1 0 0 1 0 0 0 1 0 0 1 0 0 1 0 0 1 1 1 1 1 1 0 0 0 0 0 1 1 1 0 0 0 1 1 0 1 1 0 0 0 0 0 1 0 0 0 0 1 1 0 0 1 1 0 0 0 1 1 0 0 0 1 1 1 0 0 1 0 0 0 1 1 1 1 1 0 1 1 0 1 0 1 1 1 1 0 0 1 1 1 0 1 0 0 0 0 1 0 0 1 0 0 1 0 1 1 0 1 0 1 1 0 0 0 1 0 0 0 0 0 1 1 0 0 1 1 0 0 1 1 1 1 0 0 0 0 0 0 1 1 0 1 1 0 1 0 1 0 1 1 1 0 1 0 0 1 1 0 0 1 0 0 0 1 0 0 1 0 0 1 0 1 1 1 0 0 0 1 0 1 1 1 1 0 0 0 0 1 1 0 0 0 0 0 1 0 1 1 1 0 0 0 1 0 0 1 1 1 1 0 0 1 0 0 0 1 0 0 1 1 1 1 1 1 0 0 0 1 0 1 1 0 0 1 0 0 1 0 1 1 1 0 1 0 0 0 0 0 0 1 1 0 1 1 1 0 0 1 0 0 1 0 0 1 0 1 1 0 0 0 1 1 0 0 1 1 0 1 0 1 1 0 1 1 0 1 1 1 0 0 0 1 0 1 0 0 1 1 1 1 1 0 0 0 1 0 1 1 0 1 1 0 1 0 0 1 0 0 1 0 0 1 0 0 1 1 1 0 1 1 0 0 0 0 1 1 1 1 1 1 1 0 1 0 1 1 0 1
neg_random_a2_s34972 2 500 1 1 0 1 1 1 0 0 0 1 0 1 1 1 1 1 0 0 0 1 1 0 0 0 0 1 1 1 1 1 0 0 1 0 0 0 1 1 1 0 1 1 1 1 0 0 0 0 1 1 1 1 0 1 0 1 0 1 1 0 1 1 1 0 1 0 1 0 0 1 1 0 1 1 1 0 0 1 1 1 0 0 0 1 0 0 0 1 1 0 0 1 0 0 0 1 0 1 1 1 1 0 1 0 1 0 0 0 1 1 1 0 1 0 0 1 1 1 0 0 0 1 0 1 1 0 1 0 1 1 1 0 1 0 0 0 1 1 1 1 1 1 1 1 0 0 1 1 1 0 0 1 1 0 0 1 1 0 1 1 0 1 0 1 0 0 1 1 0 1 1 0 1 0 0 0 1 1 1 1 1 1 1 0 0 1 1 1 1 0 0 1 1 0 1 1 1 0 1 0 0 0 1 1 1 0 1 0 1 0 0 0 1 0 1 0 0 0 0 0 0 0 1 0 0 0 0 1 1 1 1 1 1 1 1 1 0 1 1 0 0 0 0 0 0 1 1 0 0 1 0 0 1 0 0 1 0 0 0 1 1 1 1 0 0 1 1 0 1 0 1 0 1 1 0 1 1 0 1 0 1 1 1 1 0 0 0 1 1 1 0 1 1 0 0 0 0 0 0 0 1 0 1 0 1 0 1 1 0 0 0 1 1 1 0 0 0 0 1 1 1 0 0 0 1 1 0 1 0 0 0 1 1 1 1 0 1 1 0 0 1 0 1 1 1 1 1 1 0 1 0 0 0 0 0 1 1 0 0 1 0 0 1 1 1 1 0 1 1 0 0 0 0 1 0 1 0 0 1 1 1 1 1 1 0 0 0 0 0 1 0 1 1 0 0 1 0 1 1 1 0 0 0 0 1 0 1 1 0 0 1 1 0 0 0 1 0 0 0 1 0 0 1 1 1 0 1 1 1 0 1 1 0 1 0 1 1 0 1 1 1 1 0 1 0 1 1 1 1 0 0 0 1 1 1 1 0 0 0 1 0 1 0 1 0 0 0 0 0 0 0 0 0 1 0 0 0 0 1 0 1 0 1 1 1 1 1 0 0 1 0 1 1 0 0 1 1 0 1 0
neg_random_a4_s4078 4 500 1 3 3 1 3 3 2 2 1 2 1 3 3 1 1 0 2 0 0 0 2 3 3 2 1 2 1 2 1 0 0 2 3 0 2 1 0 3 0 2 0 3 0 3 2 0 0 2 2 1 3 0 2 1 1 3 3 2 3 3 1 3 1 3 1 1 1 2 2 0 2 3 1 3 1 0 1 3 2 2 2 3 2 3 3 1 3 1 1 3 1 0 2 3 1 1 3 3 2 2 1 0 1 3 2 1 2 1 3 2 1 3 1 1 2 0 3 0 1 2 3 2 1 2 0 2 0 1 3 0 2 3 2 3 1 2 3 3 3 1 1 2 3 0 3 0 3 3 3 1 0 2 1 2 0 0 0 3 3 3 1 1 0 3 1 3 1 0 0 0 1 1 2 2 0 2 0 3 0 2 3 0 3 1 3 0 2 3 2 0 3 3 0 0 2 1 0 0 2 1 3 1 0 1 1 0 3 0 1 3 3 1 3 3 3 0 3 2 2 0 1 1 0 2 2 3 3 1 1 3 2 2 1 3 0 0 2 2 0 0 1 0 0 1 3 1 0 3 2 2 3 0 0 1 1 3 1 0 1 3 1 2 1 1 0 3 2 3 2 1 3 3 2 0 2 2 2 0 3 1 3 1 3 2 1 1 1 0 1 3 0 0 0 1 1 2 3 1 3 2 1 0 3 1 1 3 2 1 0 2 1 3 2 3 0 3 0 1 2 3 0 2 1 3 3 3 1 0 0 1 2 3 2 3 3 1 1 2 0 1 3 1 0 1 2 1 0 1 1 1 1 0 3 0 1 1 1 1 0 0 1 0 2 0 3 0 2 2 3 3 0 0 1 2 1 1 3 0 2 2 3 1 2 0 1 3 2 1 2 3 2 2 3 1 2 2 3 1 0 2 2 0 0 0 3 3 1 3 0 3 3 3 0 3 2 3 2 3 1 2 0 0 1 0 2 1 2 2 1 2 2 2 2 3 2 0 0 2 0 0 2 3 1 2 3 3 3 2 3 3 2 2 1 2 0 0 0 1 0 1 2 1 2 1 3 2 0 0 3 2 1 3 1 0 3 1 1 0 0 0 3 0 3 2 2 1 2 2 1 2 2 0 3 3 3 2 2 1 1 1
neg_random_a4_s11323 4 500 1 1 0 1 2 3 0 1 1 1 2 2 1 0 0 2 2 3 2 1 1 2 2 1 1 3 2 3 3 2 1 2 3 1 1 2 1 1 1 3 1 2 2 1 1 3 0 2 3 0 1 2 1 2 0 1 3 0 0 1 3 3 3 0 2 0 1 0 0 0 3 0 0 2 1 1 2 3 3 2 2 3 1 0 2 1 0 2 3 0 3 3 2 3 1 2 1 0 0 0 2 0 0 0 1 1 2 2 2 0 3 2 2 1 3 0 3 3 2 3 2 0 2 3 1 3 3 2 2 1 2 2 0 1 3 3 2 3 3 1 0 0 3 3 0 0 0 0 3 1 2 0 2 0 3 0 2 2 0 1 0 3 0 1 3 1 2 1 1 2 1 2 1 1 0 2 2 3 2 0 0 0 3 0 2 1 1 1 1 1 0 3 3 3 1 0 1 0 3 0 0 1 0 0 0 1 1 1 0 2 2 2 2 2 1 0 0 0 1 1 0 3 2 3 3 0 1 3 0 0 3 3 3 3 1 2 1 3 3 1 0 1 3 2 2 1 0 0 2 2 1 0 0 3 0 1 1 2 3 2 1 1 0 1 0 1 2 0 1 1 0 2 3 1 3 0 3 1 1 3 3 3 2 3 1 0 0 1 0 0 2 0 0 0 0 2 2 3 3 2 2 0 3 2 0 3 3 3 2 3 0 1 0 3 0 3 1 1 1 2 3 1 0 1 3 0 0 0 3 1 3 1 0 1 3 2 2 0 0 3 1 1 3 2 1 1 2 0 0 2 2 1 0 0 1 2 1 1 3 0 2 3 3 2 3 2 2 2 0 1 2 3 1 1 1 0 3 0 0 0 3 3 0 1 3 3 0 3 1 3 2 0 0 2 2 0 0 0 0 2 3 1 2 3 2 2 1 3 2 1 0 2 0 3 1 1 1 2 1 2 2 1 1 0 0 3 3 0 3 2 3 0 0 0 1 2 2 1 0 3 0 3 0 3 0 2 2 0 0 2 1 3 3 3 1 1 0 2 1 0 1 2 3 0 1 3 0 1 2 3 1 1 2 0 0 1 3 3 0 2 3 0 2 0 0 3 0 3 3 3 3 0 1 1 3 0 3 1 1 2
neg_random_a4_s18500 4 500 1 3 0 3 0 0 1 2 2 3 2 2 2 1 0 3 0 1 0 0 3 3 2 1 1 0 2 2 1 0 1 1 2 3 0 2 3 0 2 3 0 3 1 0 3 1 2 0 1 0 0 3 1 2 1 2 0 3 1 1 1 1 1 2 1 0 0 3 0 1 1 2 3 0 1 2 3 0 0 0 3 3 2 1 0 2 0 3 2 3 2 3 2 0 3 3 0 2 1 3 1 0 1 3 1 0 0 3 0 2 0 1 3 2 0 3 3 2 2 2 3 0 3 1 2 3 2 3 2 3 1 3 1 3 3 0 3 2 3 3 1 3 0 3 2 0 1 1 2 0 0 3 3 2 1 1 2 2 0 0 1 2 3 0 1 1 1 0 1 1 2 1 0 3 1 1 3 1 1 1 1 3 3 1 1 2 0 2 0 1 3 2 3 0 3 1 1 1 3 1 0 1 2 2 3 2 0 1 0 0 1 3 0 3 3 0 1 2 1 3 0 3 3 3 3 0 0 1 1 2 0 3 3 2 2 3 0 2 0 2 0 2 3 1 0 2 2 3 0 0 3 0 0 1 2 1 3 1 3 1 3 2 1 1 3 3 1 2 3 3 1 2 1 2 1 1 1 2 1 3 2 2 3 1 1 0 2 2 2 0 0 3 3 0 3 0 1 2 0 3 2 3 1 1 3 0 2 0 3 1 0 0 3 0 2 3 3 2 1 2 3 1 1 3 2 3 0 0 1 2 1 0 0 1 1 3 2 0 1 2 2 3 3 3 1 0 2 0 1 0 2 2 1 2 1 3 2 1 3 2 2 0 2 1 3 2 1 1 2 2 3 1 2 3 0 0 1 0 0 3 1 3 3 0 1 0 2 2 3 2 1 2 0 1 2 1 1 1 2 1 3 1 2 2 1 2 1 2 3 2 0 2 0 1 2 1 2 0 1 2 0 0 0 2 3 2 0 2 3 1 1 1 0 2 0 2 3 2 2 0 0 2 2 0 0 0 3 0 1 3 3 0 1 0 2 0 3 1 2 0 0 1 0 1 2 1 2 3 2 0 0 3 3 3 2 0 2 1 1 0 0 1 1 0 0 0 3 0 1 0 1 0 2 0 3 3 0 1 2 3
neg_random_a4_s25745 4 500 1 3 2 2 2 1 3 0 0 3 1 3 2 0 0 0 2 0 0 3 3 0 3 2 2 1 0 0 0 1 2 3 2 2 3 2 3 3 1 2 0 3 3 1 0 3 0 2 3 3 0 3 3 1 0 1 0 0 0 1 2 0 0 0 1 0 3 0 2 1 3 2 0 2 2 3 3 3 3 3 1 0 0 2 0 0 2 3 3 0 3 2 1 1 0 3 2 1 0 3 1 1 2 0 0 3 3 1 3 3 1 2 0 3 0 2 1 0 1 1 3 3 1 2 2 0 1 3 0 2 1 3 3 0 0 1 2 0 2 3 0 3 3 2 0 1 0 2 3 2 0 0 2 0 3 0 0 2 1 0 3 0 1 2 0 3 2 1 3 0 3 3 3 2 3 2 3 3 0 2 1 3 1 1 2 2 3 2 0 1 0 1 3 1 2 1 3 1 3 2 1 3 2 0 2 1 0 2 0 2 0 2 0 2 3 0 1 3 3 3 2 0 1 3 2 2 0 3 0 1 0 1 3 0 0 2 2 3 0 3 3 0 0 1 2 3 2 2 3 3 0 3 1 2 3 2 0 2 1 3 0 0 3 2 3 3 2 0 2 3 3 2 0 3 3 0 1 3 1 3 0 0 2 3 1 2 1 3 1 1 0 0 3 1 1 1 2 3 2 0 3 1 3 0 3 2 1 1 1 3 3 0 1 2 1 3 3 1 3 3 3 3 1 3 2 3 2 1 1 1 0 3 1 1 0 0 2 3 1 1 1 2 2 1 2 2 2 2 3 3 1 0 3 1 0 2 3 2 2 3 3 3 2 3 3 2 2 2 2 0 0 3 0 1 2 2 1 3 3 1 0 0 2 1 0 0 2 0 2 2 2 3 1 0 1 1 1 0 3 3 3 2 3 2 1 3 2 2 2 0 1 0 3 3 0 3 0 3 2 2 3 2 0 2 3 0 1 3 0 2 1 3 2 1 3 2 0 3 3 1 0 0 0 2 3 0 2 3 0 2 3 2 3 0 3 0 3 1 0 1 0 0 2 2 3 3 1 3 3 2 3 0 0 0 1 2 2 2 3 3 2 2 3 3 3 2 2 1 0 0 1 1 1 1 2 1 1 2 0 2
neg_random_a4_s32954 4 500 3 3 3 2 2 2 3 2 3 2 1 1 1 1 2 2 2 3 0 3 1 1 1 2 1 1 0 1 3 2 2 2 2 1 2 2 1 2 0 2 3 1 2 0 0 1 1 2 0 0 3 3 1 0 0 0 0 1 2 2 3 0 0 2 0 2 3 3 3 2 0 0 2 3 1 3 3 1 2 3 1 0 3 3 1 1 0 1 3 1 2 1 0 3 3 1 3 2 0 3 0 1 0 1 1 3 0 0 3 0 3 1 3 3 3 1 2 0 1 2 3 0 2 2 0 1 2 2 3 3 1 2 2 0 2 3 3 1 2 1 0 0 0 3 2 1 0 0 0 0 2 0 3 0 3 2 3 3 0 3 0 3 0 1 0 2 3 2 3 2 1 2 1 2 2 1 1 1 3 0 3 3 0 2 2 3 0 1 2 2 3 1 2 0 3 1 3 3 3 3 1 0 3 0 3 0 0 1 2 0 2 0 1 2 3 0 0 2 3 0 2 0 2 3 2 0 2 2 1 2 3 0 3 1 0 0 3 0 1 2 3 1 3 1 2 2 3 1 3 3 2 1 0 2 1 2 2 2 0 1 3 3 1 1 0 0 1 0 2 1 2 0 2 0 1 2 0 3 2 1 1 1 2 0 0 3 3 3 3 0 0 3 1 1 1 0 0 2 0 2 3 0 0 0 3 1 0 1 0 2 2 0 3 3 1 2 1 2 2 2 2 2 3 2 2 2 2 0 0 0 0 1 2 2 0 1 2 0 2 2 2 1 2 2 0 2 1 0 1 2 1 1 2 0 2 1 3 1 0 3 0 3 0 3 0 0 3 3 3 3 1 3 2 2 1 0 0 1 3 3 3 0 2 0 3 3 2 0 2 0 2 3 1 0 2 1 1 0 1 2 0 1 2 2 3 3 1 2 0 1 3 1 0 1 0 0 2 3 1 3 2 3 2 2 2 3 0 2 0 2 3 2 0 3 2 2 1 3 0 0 1 1 0 1 1 1 3 1 1 0 3 1 3 2 2 0 2 2 2 0 0 1 1 2 2 1 2 3 2 0 2 3 3 2 1 3 0 0 2 0 0 0 0 1 3 3 1 3 2 0 1 0 1 3 3 0 0 3 3 1
neg_crypto_a2_s594281233 2 500 0 0 0 1 1 1 0 1 0 0 1 1 0 1 1 0 0 0 0 0 0 1 1 0 0 1 1 1 0 0 1 0 1 1 0 1 0 1 0 0 0 0 1 1 0 1 1 0 1 1 1 1 1 1 1 1 1 0 1 0 1 0 1 0 1 1 0 0 0 0 1 1 0 1 1 0 0 1 1 0 0 0 0 1 0 1 0 1 1 1 1 1 1 1 1 1 0 0 0 0 0 0 0 1 1 1 0 0 0 1 0 0 1 0 1 1 1 0 1 1 1 1 0 0 0 1 0 1 1 1 0 1 0 1 1 1 0 0 0 0 1 1 0 1 0 1 0 0 1 1 1 0 0 1 0 1 0 1 0 0 1 0 1 1 1 1 1 1 0 1 1 0 0 1 0 1 1 0 0 0 0 0 0 0 1 1 1 1 1 1 0 0 1 0 0 0 0 0 0 0 0 1 1 0 0 1 0 1 0 1 0 1 1 0 1 0 1 0 1 0 0 0 1 1 1 0 0 1 1 0 1 1 0 1 1 0 0 0 1 1 0 1 1 1 0 1 0 0 0 0 1 1 0 1 1 0 1 1 1 0 1 1 0 0 1 1 0 0 0 0 0 0 0 0 0 1 0 1 0 0 0 1 1 1 1 1 1 1 1 1 1 0 1 0 0 1 1 0 0 1 0 0 1 0 0 1 1 1 1 0 1 0 0 0 1 1 1 0 0 0 1 0 0 0 0 0 0 1 0 1 1 0 1 0 0 1 0 1 1 0 1 1 1 1 1 0 1 0 0 0 1 1 0 1 1 0 0 0 1 0 0 0 1 1 1 1 0 1 0 0 0 1 1 1 1 1 1 0 0 1 0 1 1 0 1 1 1 1 0 1 0 0 0 0 0 1 1 0 0 1 0 1 1 1 0 1 0 1 1 1 1 0 1 0 1 0 0 0 0 0 0 0 1 0 1 1 0 1 0 0 1 0 1 0 0 1 0 0 0 1 0 1 0 0 0 0 0 1 1 1 0 1 1 1 1 1 1 0 0 1 0 0 1 1 0 1 0 1 0 0 0 1 1 0 0 1 1 0 0 1 1 1 0 0 0 1 0 0 1 0 1 1 1 1 0 0 1 0 1 0
neg_crypto_a2_s2521135452 2 500 0 0 0 0 1 0 1 1 1 0 1 0 1 1 1 1 0 1 0 0 1 0 0 1 1 0 1 1 1 1 0 0 1 0 0 1 0 1 0 0 0 0 0 1 1 0 1 1 1 0 1 0 1 1 1 1 0 1 0 1 0 0 1 1 1 1 0 1 0 0 1 1 0 0 0 0 0 1 0 1 1 0 0 0 0 1 0 1 1 1 0 0 1 1 0 0 0 0 0 1 1 0 1 1 1 0 0 0 0 1 1 1 1 0 1 0 1 1 1 1 1 1 0 0 1 0 0 0 0 0 0 1 1 1 1 1 1 1 1 1 1 0 0 1 0 1 1 0 0 1 1 0 0 1 1 1 0 1 0 0 0 1 1 0 0 1 0 0 1 1 1 0 0 1 1 1 0 1 1 0 0 0 1 1 0 0 0 1 0 0 1 1 0 1 0 0 1 0 0 1 1 1 0 0 1 1 0 1 0 0 0 1 1 0 0 0 0 0 1 0 0 1 1 0 0 0 1 0 0 0 0 0 1 1 0 0 0 1 1 0 0 0 0 1 1 1 0 0 1 1 1 1 0 0 0 0 0 0 1 0 0 1 1 1 0 1 1 0 1 1 0 0 0 0 0 0 1 0 1 0 0 0 1 1 1 0 1 0 0 0 0 0 0 0 0 1 1 1 0 1 0 0 1 0 0 1 1 0 1 0 0 1 0 0 1 1 1 1 0 0 0 0 0 0 1 1 0 0 0 1 1 1 1 0 0 1 1 0 1 0 1 0 1 1 0 0 0 0 0 1 0 1 1 1 1 1 1 0 0 1 0 0 1 1 1 1 0 1 0 1 0 0 0 0 1 0 1 0 0 1 1 1 1 0 1 1 1 1 0 1 0 1 1 0 0 0 1 0 1 0 1 0 1 1 1 1 0 0 0 0 1 1 1 1 0 0 0 0 1 1 0 1 1 1 1 0 1 0 1 0 0 1 0 0 1 1 0 0 1 1 1 1 0 0 0 0 0 0 1 1 1 1 0 0 0 1 1 1 0 0 1 0 0 1 1 1 0 1 0 1 1 1 1 0 0 0 1 0 1 1 1 1 1 1 1 0 0 0 0 0 1 0 0 1 0 1 1 0 0 0
neg_crypto_a2_s1228863371 2 500 0 0 1 0 0 0 1 1 1 1 1 1 0 1 0 0 1 1 0 0 1 0 0 0 0 1 0 1 1 0 0 0 1 1 0 1 0 0 0 0 0 1 1 1 1 1 1 0 0 0 0 1 1 0 0 1 0 1 1 1 0 0 1 1 0 1 0 0 0 1 0 1 1 0 0 0 1 1 0 0 1 1 0 0 0 0 1 1 0 0 1 1 1 1 1 1 1 0 0 1 1 1 0 1 0 1 1 0 0 1 1 0 1 1 0 1 1 1 1 1 0 1 0 0 0 1 1 1 0 1 0 1 1 0 0 0 1 0 1 0 0 0 1 0 1 1 0 0 1 1 1 0 1 0 0 1 1 1 1 0 0 0 1 1 0 1 1 1 0 0 0 1 0 1 0 0 1 1 1 1 0 0 0 0 0 1 1 1 1 0 0 1 0 0 1 0 0 1 0 1 1 0 0 1 1 0 1 1 0 1 1 0 1 0 1 1 1 0 0 1 1 0 1 0 1 0 1 0 0 1 0 0 1 1 1 1 1 0 0 0 0 1 0 1 1 0 1 0 1 0 0 0 0 0 0 1 1 1 0 1 1 1 1 0 0 1 0 0 1 1 0 1 0 1 0 1 1 1 0 0 0 1 0 1 0 1 0 0 1 1 1 1 1 0 1 0 0 1 1 1 0 0 1 0 1 0 1 0 1 1 1 0 1 1 1 0 1 0 1 0 1 0 0 1 0 0 0 1 0 0 0 0 1 1 1 1 0 0 0 0 0 0 1 0 0 0 0 1 1 1 0 0 1 1 1 0 0 0 0 1 1 1 0 1 1 1 1 0 0 0 0 0 1 0 1 0 1 1 0 1 1 0 1 1 0 0 1 1 1 1 0 0 0 0 1 1 1 0 1 0 1 1 1 0 0 1 0 1 1 1 0 0 1 1 1 1 0 0 1 0 0 1 0 0 0 1 1 1 1 0 0 1 1 0 0 0 0 0 0 1 1 0 1 0 0 0 0 0 0 0 0 1 0 1 1 1 0 1 1 0 1 1 1 1 1 1 1 1 0 0 0 0 1 0 0 1 0 1 1 0 0 0 0 1 0 0 1 0 1 0 1 0 1 0 1 1 1 0 1 1
neg_crypto_a2_s1007709686 2 500 0 1 1 1 1 0 1 1 0 0 0 1 0 0 1 1 1 0 1 1 1 1 1 1 1 0 1 1 1 1 0 0 0 1 0 0 1 1 1 1 1 0 1 0 0 0 1 0 1 1 0 1 1 0 0 1 0 0 1 1 1 1 0 1 0 1 1 0 0 1 0 1 0 0 1 0 1 0 0 0 0 1 0 0 0 1 0 1 0 1 0 1 0 1 1 0 1 0 0 1 1 1 0 0 1 1 1 1 0 1 1 0 1 1 0 0 1 0 1 0 1 1 0 0 1 0 1 0 1 1 1 0 0 1 1 0 0 1 0 1 0 1 1 1 0 0 1 0 1 1 1 1 0 0 1 0 0 1 0 0 0 1 1 0 0 0 0 1 1 0 0 1 1 1 1 0 1 0 0 1 1 1 1 0 0 0 0 0 1 0 0 1 0 1 1 1 0 1 0 0 0 1 1 1 1 1 0 0 1 0 0 1 0 1 1 0 1 0 1 1 0 1 1 0 0 0 1 1 1 1 0 1 1 0 0 0 0 0 0 1 1 1 0 1 1 1 1 1 0 1 1 0 0 0 0 1 0 1 0 1 0 1 0 0 0 0 1 0 1 0 1 0 0 1 0 1 1 0 0 1 0 1 1 0 0 1 0 1 0 0 1 1 0 0 1 0 0 0 1 0 0 1 0 0 0 1 0 1 1 0 0 1 0 0 0 0 0 1 1 1 1 1 1 1 1 0 0 1 1 0 0 0 0 1 0 0 0 0 1 0 0 1 1 1 1 0 1 1 1 0 1 1 0 0 1 1 0 1 0 0 1 1 1 1 0 1 1 0 0 1 0 0 0 0 1 0 0 1 0 0 0 1 1 1 0 0 1 0 1 1 0 0 1 0 0 1 0 0 0 0 1 0 1 1 1 0 1 0 0 0 0 1 0 1 0 0 0 0 1 1 1 0 0 1 0 0 0 1 0 0 1 1 1 0 0 0 1 1 1 0 1 1 1 1 1 1 0 0 1 1 1 0 0 1 0 1 0 1 1 1 0 1 0 0 1 1 1 1 0 1 1 0 0 0 0 0 0 0 1 1 1 1 1 1 1 0 0 0 1 0 1 1 1 1 0 1 1 0 0 1
neg_crypto_a2_s4157205029 2 500 1 0 1 1 1 0 1 0 0 1 1 1 0 1 0 0 1 1 0 0 1 0 0 1 0 0 1 0 0 1 0 1 1 1 1 1 0 0 1 1 1 0 1 0 0 1 0 1 1 0 0 1 0 0 1 1 0 1 1 0 1 1 1 0 0 1 0 0 1 0 0 1 0 1 1 1 0 0 0 0 1 1 1 0 0 0 0 1 0 0 1 1 0 1 0 1 0 0 1 1 1 0 1 1 1 1 0 0 0 0 1 1 0 1 1 0 0 0 1 0 1 0 1 1 0 1 1 1 0 0 1 1 0 0 0 1 0 1 0 1 0 1 1 1 1 0 1 0 1 1 1 1 1 1 1 1 0 0 1 1 1 1 1 0 0 1 1 0 0 0 0 0 1 1 1 1 1 0 0 0 0 0 1 1 0 0 0 0 0 0 1 0 1 0 1 1 1 1 0 0 1 1 1 0 1 0 0 1 1 0 1 1 0 1 1 1 0 1 1 0 1 0 0 1 0 0 0 1 0 0 0 1 1 0 1 0 0 0 1 0 0 1 1 0 1 0 1 1 0 1 1 0 1 1 1 0 1 1 1 1 0 1 0 1 0 1 0 0 0 1 0 0 0 1 0 0 1 0 0 0 0 0 1 0 0 0 0 0 0 0 1 1 1 1 0 0 0 0 0 0 1 0 1 1 1 1 0 0 1 1 1 0 1 1 1 1 0 0 0 0 1 0 1 1 1 0 0 1 1 0 0 1 0 0 1 0 1 1 0 0 1 1 0 1 1 0 1 0 1 0 0 0 0 1 0 0 0 1 1 0 0 1 1 0 1 1 1 1 1 1 0 1 0 1 0 1 0 1 1 0 0 0 1 1 0 1 1 0 0 0 0 1 1 1 0 0 0 0 0 1 1 1 0 0 0 1 0 1 0 0 0 1 1 1 1 0 1 0 0 1 1 1 0 1 1 0 0 1 0 1 1 1 1 1 0 1 1 1 1 0 0 1 1 1 0 0 1 1 1 1 1 1 1 1 0 1 0 1 1 0 1 1 0 1 0 0 1 0 0 0 0 0 1 0 0 0 1 1 1 1 1 0 0 0 0 1 1 1 1 0 1 1 1 1 0 1 0 0 1 0
neg_crypto_a4_s3833693555 4 500 0 1 2 3 2 3 1 0 3 2 0 3 1 1 1 0 1 1 1 1 2 0 3 3 3 2 3 3 3 3 2 3 2 3 1 0 2 0 0 0 1 0 0 1 0 0 1 0 2 3 0 0 1 1 3 1 2 0 0 1 2 1 0 0 0 1 2 1 1 2 0 0 2 0 1 3 2 2 2 2 2 0 2 1 2 0 0 2 2 3 0 2 0 0 2 1 0 2 1 2 3 0 2 2 2 0 0 2 1 3 0 2 0 3 3 2 2 0 2 1 2 2 1 2 3 2 3 2 3 1 2 1 3 2 2 2 0 0 3 0 2 3 3 3 2 0 3 3 0 0 3 2 1 3 1 0 3 1 1 1 0 0 0 2 1 1 3 0 3 3 2 3 1 3 1 2 0 0 0 0 0 2 1 3 1 1 1 0 2 2 2 1 2 0 0 0 3 0 1 3 0 2 2 2 3 2 1 1 2 0 2 1 2 2 3 1 0 2 0 0 1 3 3 3 1 1 1 1 2 0 2 0 0 1 3 3 2 3 2 0 1 0 0 1 3 3 0 1 1 0 2 1 0 1 0 2 3 1 0 2 0 0 0 2 3 1 1 0 2 3 3 1 0 0 1 2 3 0 2 3 0 0 0 0 2 3 0 2 1 3 3 1 3 3 1 3 3 2 0 3 0 2 0 3 3 2 1 3 2 3 0 1 0 0 2 0 1 1 3 0 0 1 3 0 2 1 0 0 3 2 3 0 0 3 3 1 1 3 3 0 0 2 1 2 3 2 1 1 0 2 3 3 3 0 0 1 1 3 0 1 1 3 0 0 0 0 2 1 0 1 1 1 3 1 0 3 0 3 2 3 0 3 3 1 3 3 2 0 0 1 2 3 3 2 1 1 2 3 1 1 3 1 2 1 1 1 2 3 1 0 0 3 1 0 3 3 0 2 0 0 3 0 1 1 1 3 0 2 0 1 0 3 1 3 2 0 2 2 3 0 3 1 3 0 2 0 2 2 2 0 1 3 1 2 3 2 2 2 3 3 2 2 3 1 3 2 3 0 3 2 3 3 3 2 1 1 1 3 0 2 3 3 1 0 2 1 2 0 0 2 1 3 1 0 1 2 1 1 1 1
neg_crypto_a4_s1370029886 4 500 0 1 1 1 3 1 3 0 3 0 3 2 1 2 1 2 2 1 0 3 3 3 2 3 0 0 0 3 0 2 3 1 3 3 3 3 3 2 3 3 0 3 1 3 3 2 1 3 0 2 2 2 3 1 3 3 0 2 3 0 0 1 2 1 0 2 2 0 0 3 1 1 3 3 0 1 2 2 0 0 3 3 0 2 2 2 1 3 1 0 0 3 0 0 3 2 2 3 3 0 3 2 2 1 1 0 3 0 3 3 3 0 1 0 2 0 3 3 1 1 3 3 3 0 0 1 0 3 2 0 3 3 1 1 2 3 2 2 1 0 0 2 0 2 3 3 1 1 1 3 2 1 0 2 2 0 2 1 0 2 0 3 2 3 1 0 0 1 1 0 0 1 1 2 0 2 0 1 0 0 1 0 2 0 1 1 1 3 1 1 3 3 0 1 3 3 3 1 2 0 0 1 1 0 3 2 0 1 0 3 0 2 3 2 2 1 1 2 1 2 0 0 3 3 3 3 2 2 1 3 2 2 3 0 1 3 0 2 3 1 3 3 1 3 3 1 3 3 1 0 0 0 0 3 3 0 0 0 1 1 1 3 1 2 1 0 0 0 0 2 2 0 0 1 2 3 1 2 3 3 2 1 2 3 2 1 2 3 3 0 3 0 3 2 2 3 2 1 0 3 2 0 0 1 1 2 0 0 2 3 3 2 0 2 3 3 2 3 1 3 2 1 0 0 0 3 0 3 0 1 1 2 1 1 1 1 2 0 3 2 1 3 3 3 1 3 2 1 2 0 2 2 2 1 1 3 2 2 3 3 1 3 2 2 1 1 3 0 3 0 1 1 3 0 3 2 2 0 2 1 2 2 3 1 3 0 1 1 2 0 0 3 2 1 2 2 0 0 1 1 0 1 0 3 0 2 0 0 2 0 0 3 1 3 2 1 1 0 1 2 2 0 2 3 3 2 3 2 0 0 1 1 1 0 0 3 2 1 3 2 3 3 0 2 0 2 0 1 2 0 3 0 3 1 3 2 1 2 0 3 1 1 0 2 2 1 2 0 2 3 2 3 2 0 3 1 0 3 1 1 0 3 1 1 3 1 2 0 1 1 3 2 2 3 1 3 1 0 2 3
neg_crypto_a4_s2396221929 4 500 2 2 1 3 2 1 0 1 2 0 1 3 1 0 0 1 0 0 1 3 1 2 2 0 0 1 3 3 2 3 1 1 3 3 2 3 2 3 0 3 3 0 1 2 1 1 1 3 2 0 2 0 0 3 1 2 3 0 2 2 1 0 3 3 2 0 3 1 0 2 2 3 3 3 1 3 0 2 1 1 0 1 0 0 1 2 0 0 3 3 2 2 3 2 0 0 0 2 1 0 0 1 0 2 2 0 1 2 3 2 3 2 0 3 1 1 3 3 3 3 2 3 0 3 2 3 2 2 1 0 2 2 0 0 1 2 3 2 1 2 0 3 2 0 1 1 0 3 2 1 2 1 1 0 0 0 0 3 2 1 0 1 1 3 2 0 1 0 1 0 1 3 0 0 1 0 2 3 0 0 1 1 0 1 0 1 2 2 3 1 1 2 0 3 0 0 0 3 1 0 2 3 1 2 1 1 1 0 0 3 1 0 2 1 3 1 1 3 3 3 3 1 2 3 3 3 1 2 2 2 1 2 1 0 0 2 1 2 0 2 2 1 3 3 2 0 2 2 1 1 1 1 0 1 2 2 1 0 0 1 1 0 2 2 3 0 2 0 0 3 2 0 1 1 2 2 3 1 2 3 3 2 2 2 1 3 1 3 1 3 3 2 1 2 3 1 3 2 1 1 1 1 3 0 2 0 0 3 2 3 2 3 2 1 2 0 0 2 2 3 0 3 2 0 2 0 3 0 0 3 1 3 0 0 2 1 0 3 3 2 3 3 3 0 3 0 1 1 3 1 0 0 3 3 2 0 2 3 1 2 2 3 1 1 2 3 0 1 2 3 1 2 2 1 2 1 3 0 3 1 0 1 3 0 0 2 1 3 3 2 1 0 3 3 3 2 1 3 1 2 2 3 0 1 3 2 0 3 0 0 3 2 0 3 3 2 1 3 1 2 0 1 0 2 3 3 0 3 2 1 2 3 1 1 2 3 3 1 0 2 0 2 3 2 3 1 2 2 0 1 1 1 0 3 0 0 3 3 2 0 2 0 1 1 3 3 3 2 3 3 1 2 3 0 3 3 2 2 3 0 3 1 3 2 3 0 2 2 3 2 0 1 3 1 0 2 2 0 0 1
neg_crypto_a4_s4227722132 4 500 1 0 1 0 3 2 3 2 3 3 3 3 3 0 3 3 2 0 3 3 3 0 1 0 1 1 3 2 0 3 2 3 0 0 1 1 0 1 0 3 2 0 0 1 3 1 1 1 3 3 3 3 0 0 2 3 0 0 0 2 2 0 2 1 1 1 1 0 0 0 0 0 2 3 3 2 3 0 2 0 1 0 0 0 1 3 0 1 3 1 3 2 3 2 0 2 0 2 2 3 3 1 1 3 1 0 0 3 0 2 2 0 1 0 0 3 2 2 2 3 0 0 3 3 0 1 3 3 1 3 1 2 2 1 0 3 3 3 2 2 0 1 3 0 3 2 3 1 1 1 0 2 0 1 2 1 1 3 0 2 1 1 0 3 1 1 1 2 3 2 3 3 1 0 0 3 2 2 3 1 1 1 3 2 2 1 2 2 2 3 0 1 0 1 3 0 1 1 2 0 0 1 1 0 0 1 2 2 0 2 0 2 1 3 1 2 0 0 2 1 3 3 0 2 2 2 0 0 3 2 3 0 2 0 2 3 3 3 1 2 3 1 2 1 0 3 1 0 2 3 1 2 1 0 3 2 1 2 2 0 1 1 1 1 1 1 3 3 2 0 2 0 2 3 2 2 2 1 1 3 3 3 3 3 1 1 0 0 0 2 0 1 0 0 3 0 2 0 0 3 3 1 2 2 3 3 2 2 2 0 1 2 1 3 0 1 1 3 3 3 3 1 3 0 2 0 1 0 3 1 2 2 1 0 2 1 1 2 3 0 3 1 3 2 0 3 0 1 3 2 2 3 0 2 0 3 3 1 0 3 2 0 1 3 1 1 0 3 2 1 1 0 1 2 0 2 3 0 0 3 2 0 1 2 3 2 1 3 3 2 3 3 0 3 2 3 0 2 2 2 1 0 0 0 1 3 2 3 3 2 0 1 3 1 2 0 3 1 0 1 2 2 0 1 2 0 0 2 1 0 2 0 1 2 2 1 0 2 1 2 1 1 2 1 1 2 1 1 1 1 2 2 1 1 0 1 1 2 0 0 1 3 0 3 0 0 2 3 2 2 0 0 1 3 1 0 1 3 0 3 1 2 3 2 0 1 1 0 2 2 2 2 3 0 0 3 0 0 2 0
