# omnis-workload v1
# category: oeis_hard
# loader_version: 1
# generator_sha: c0ba809b03ae9e1de96766c4fe76347498e23bfd
# oeis_snapshot_sha: 91d5c7ac357112c01677923f85c5f6a5b2178c700bab16da7bcc894a8e225079
# omnis_min_version: 0.1.0
# created_utc: 2025-05-07T00:00:00Z
# matched_sequences: 89
# count: 267
# body_sha256: 714f9212b9598c203e41c36b22ae4ed143b36f366e07b3ed9210465017de3b5c
# selection_rule: Hard sequences (keyword:hard), first ~200 reachable via OEIS API, N up to 500
A000001_a2 2 94 0 1 1 1 0 1 0 1 1 0 0 1 1 1 0 1 0 1 1 1 1 0 0 1 1 0 0 1 0 1 0 1 1 1 0 1 0 1 0 0 0 1 0 1 0 0 0 1 0 0 1 1 1 1 1 0 1 0 0 1 1 1 0 0 1 1 0 1 1 1 0 1 0 1 0 1 0 1 0 1 0 1 0 1 1 1 0 1 0 1 0 1 0 0
A000001_a3 3 94 0 1 1 1 2 1 2 1 2 2 2 1 2 1 2 1 2 1 2 1 2 2 2 1 0 2 2 2 1 1 1 1 0 1 2 1 2 1 2 2 2 1 0 1 1 2 2 1 1 2 2 1 2 1 0 2 1 2 2 1 1 1 2 1 0 1 1 1 2 1 1 1 2 1 2 0 1 1 0 1 1 0 2 1 0 1 2 1 0 1 1 1 1 2
A000001_a4 4 94 0 1 1 1 2 1 2 1 1 2 2 1 1 1 2 1 2 1 1 1 1 2 2 1 3 2 2 1 0 1 0 1 3 1 2 1 2 1 2 2 2 1 2 1 0 2 2 1 0 2 1 1 1 1 3 2 1 2 2 1 1 1 2 0 3 1 0 1 1 1 0 1 2 1 2 3 0 1 2 1 0 3 2 1 3 1 2 1 0 1 2 1 0 2
A000043_a2 2 50 0 1 1 1 1 1 1 1 1 1 1 1 1 1 1 1 1 1 1 1 1 1 1 1 1 1 1 1 1 1 1 1 1 1 1 1 1 1 1 1 1 1 1 1 1 1 1 1 1 1
A000043_a3 3 50 2 0 2 1 1 2 1 1 1 2 2 1 2 1 1 1 1 1 2 1 2 2 2 2 2 1 1 2 1 1 1 2 2 1 2 2 2 2 1 1 1 2 1 2 2 1 2 2 1 2
A000043_a4 4 50 2 3 1 3 1 1 3 3 1 1 3 3 1 3 3 3 1 1 1 3 1 1 1 1 1 1 1 3 3 1 3 3 1 3 1 1 1 1 1 3 3 3 1 1 3 1 1 1 1 1
A000103_a2 2 24 0 0 1 1 0 1 0 0 0 1 0 0 1 0 1 0 1 1 0 1 1 0 0 0
A000103_a3 3 24 0 0 1 1 2 2 0 1 1 0 0 1 0 0 1 1 0 2 1 2 0 1 1 0
A000103_a4 4 24 0 0 1 1 2 1 0 2 2 1 0 0 3 0 1 2 1 3 2 1 3 2 0 0
A000104_a2 2 29 1 1 1 0 1 0 1 1 1 0 0 0 1 1 1 1 1 1 0 1 0 0 1 0 0 0 1 1 1
A000104_a3 3 29 1 1 1 2 2 0 2 2 0 0 2 2 2 1 2 2 1 0 1 0 2 1 0 0 1 1 0 1 1
A000104_a4 4 29 1 1 1 2 1 0 3 3 3 0 0 2 1 1 3 3 3 1 2 1 2 0 1 2 0 0 3 1 3
A000105_a2 2 29 1 1 1 0 1 0 1 0 1 1 1 1 0 1 1 0 1 1 0 0 0 0 0 0 1 0 1 1 1
A000105_a3 3 29 1 1 1 2 2 0 2 0 0 1 2 0 0 1 0 0 2 1 2 2 0 2 0 2 2 1 1 1 2
A000105_a4 4 29 1 1 1 2 1 0 3 0 1 1 3 1 0 3 3 0 3 1 0 0 2 2 0 0 3 0 3 3 3
A000109_a2 2 21 1 1 1 0 1 0 0 1 1 1 0 0 1 1 1 1 1 1 1 1 1
A000109_a3 3 21 1 1 1 2 2 2 2 2 1 2 0 2 1 1 1 0 2 1 1 1 2
A000109_a4 4 21 1 1 1 2 1 2 2 1 1 3 2 2 1 1 1 1 1 1 1 1 1
A000162_a2 2 22 1 1 0 0 1 0 1 0 1 1 0 1 1 1 0 0 1 0 1 0 0 1
A000162_a3 3 22 1 1 2 2 2 1 0 1 2 1 2 2 1 2 2 0 1 2 2 1 2 1
A000162_a4 4 22 1 1 2 0 1 2 3 2 3 3 2 3 1 1 2 0 3 0 3 2 0 3
A000170_a2 2 28 1 1 0 0 0 0 0 0 0 0 0 0 0 0 0 0 0 0 0 0 0 0 0 0 0 0 0 0
A000170_a3 3 28 1 1 0 0 2 1 1 1 2 1 1 1 1 2 1 0 2 0 0 2 0 0 0 2 2 0 1 2
A000170_a4 4 28 1 1 0 0 2 2 0 0 0 0 0 0 0 0 0 0 0 0 0 0 0 0 0 0 0 0 0 0
A000228_a2 2 30 1 1 1 1 0 0 1 0 0 0 0 1 0 1 1 1 0 0 1 0 0 1 0 0 0 0 1 1 1 1
A000228_a3 3 30 1 1 0 1 1 1 0 2 2 1 2 1 2 1 2 0 1 0 2 0 2 0 1 0 0 0 1 0 1 2
A000228_a4 4 30 1 1 3 3 2 2 1 0 0 2 0 1 2 1 3 1 0 2 3 0 2 1 0 2 2 2 3 3 3 1
A000577_a2 2 33 1 1 1 1 0 0 0 0 0 0 0 0 1 0 1 1 1 0 1 0 0 0 1 1 1 0 0 1 1 0 0 1 1
A000577_a3 3 33 1 1 1 0 1 0 0 0 1 1 1 1 1 0 0 1 0 0 1 0 0 2 2 1 2 2 1 2 1 0 1 2 2
A000577_a4 4 33 1 1 1 3 0 0 0 2 0 0 2 2 3 2 3 1 3 0 1 0 2 0 3 1 3 2 2 3 3 0 0 3 3
A000945_a2 2 43 0 1 1 1 1 1 1 1 1 1 1 1 1 1 1 1 1 1 1 1 1 1 1 1 1 1 1 1 1 1 1 1 1 1 1 1 1 1 1 1 1 1 1
A000945_a3 3 43 2 0 1 1 1 2 2 1 1 1 2 2 2 2 1 2 2 1 1 1 2 2 2 1 2 1 2 1 1 2 2 1 2 1 2 1 1 1 2 1 1 1 1
A000945_a4 4 43 2 3 3 3 1 1 1 3 3 3 1 3 1 3 3 3 1 1 1 1 3 3 3 1 3 1 3 1 3 3 3 1 1 3 1 3 1 3 3 1 1 1 1
A000978_a2 2 41 1 1 1 1 1 1 1 1 1 1 1 1 1 1 1 1 1 1 1 1 1 1 1 1 1 1 1 1 1 1 1 1 1 1 1 1 1 1 1 1 1
A000978_a3 3 41 0 2 1 2 1 2 1 2 1 1 1 1 2 1 2 2 1 1 2 2 2 1 2 2 1 2 2 1 1 2 2 2 2 2 1 1 2 2 2 1 2
A000978_a4 4 41 3 1 3 3 1 1 3 3 3 3 1 3 1 3 3 3 3 1 3 1 1 1 3 3 1 3 3 3 3 1 3 1 3 3 1 3 1 3 1 3 3
A001197_a2 2 23 0 1 0 1 1 0 1 0 1 0 0 1 1 0 0 1 0 1 1 0 1 0 1
A001197_a3 3 23 1 1 1 1 2 1 1 0 2 1 1 2 0 2 2 0 1 2 1 1 1 2 0
A001197_a4 4 23 0 3 2 1 1 2 1 2 3 0 2 1 1 2 0 3 2 1 1 2 1 0 3
A001605_a2 2 51 1 0 1 1 1 1 1 1 1 1 1 1 1 1 1 1 1 1 1 1 1 1 1 1 1 1 1 1 1 1 1 1 1 1 1 1 1 1 1 1 1 1 1 1 1 1 1 1 1 1 1
A001605_a3 3 51 0 1 2 1 2 1 2 2 2 1 2 2 2 2 2 2 1 2 2 2 1 1 1 2 2 2 1 1 1 2 2 1 2 1 1 2 2 2 2 1 1 1 2 2 2 2 2 1 2 1 2
A001605_a4 4 51 3 0 1 3 3 1 1 3 1 3 3 3 3 1 3 3 1 1 1 1 3 3 3 3 3 1 3 1 1 3 3 1 3 3 1 3 3 3 1 1 1 3 1 1 3 3 3 1 1 1 3
A001606_a2 2 64 0 0 0 1 1 0 1 1 0 1 1 1 1 1 1 1 1 1 1 1 1 1 1 1 1 1 1 1 1 1 1 1 1 1 1 1 1 1 1 1 1 1 1 1 1 1 1 1 1 1 1 1 1 1 1 1 1 1 1 1 1 1 1 1
A001606_a3 3 64 0 2 1 2 1 2 2 1 1 2 1 1 1 2 2 2 1 2 1 2 1 2 2 1 2 2 2 2 2 2 1 1 1 2 2 1 1 2 1 2 2 1 2 2 2 2 2 2 2 2 1 2 1 1 2 2 1 2 2 2 2 2 1 1
A001606_a4 4 64 0 2 0 1 3 0 3 1 0 1 3 3 1 1 3 1 1 3 3 1 1 1 3 1 1 3 1 1 3 1 3 1 3 3 3 3 1 1 1 3 3 1 3 3 1 3 1 3 1 1 1 3 1 1 1 1 3 3 1 3 1 3 1 1
A002072_a2 2 27 1 0 0 0 0 0 0 0 0 0 1 1 1 1 1 0 0 0 0 0 0 1 1 1 1 1 0
A002072_a3 3 27 1 2 2 0 2 2 2 0 0 2 2 2 0 2 2 0 0 2 2 2 2 2 2 2 2 2 0
A002072_a4 4 27 1 0 0 2 0 0 0 2 2 0 3 3 3 3 1 0 0 0 0 0 0 3 3 3 3 3 0
A002106_a2 2 47 1 1 0 1 1 0 1 0 0 1 0 1 1 1 0 0 0 1 0 1 0 1 1 0 1 0 0 0 0 0 0 0 0 1 1 1 1 0 0 0 0 1 0 1 1 0 0
A002106_a3 3 47 1 1 2 2 2 1 1 2 1 0 2 1 0 0 2 1 1 2 2 1 2 2 1 1 1 0 1 0 2 0 0 2 0 1 2 1 2 1 0 2 1 2 1 1 0 2 0
A002106_a4 4 47 1 1 2 1 1 0 3 2 2 1 0 1 1 3 0 2 2 3 0 1 0 3 3 0 3 0 0 2 0 0 0 0 2 3 3 3 3 0 2 2 2 3 2 1 3 0 2
A002234_a2 2 34 0 1 0 0 1 1 1 1 1 0 0 0 0 1 0 0 1 1 1 0 1 1 1 0 0 1 1 1 1 1 0 0 0 0
A002234_a3 3 34 2 0 0 0 0 0 1 0 0 2 0 0 2 1 0 2 0 0 1 0 0 0 1 2 2 0 0 0 0 1 2 0 2 2
A002234_a4 4 34 2 3 2 2 3 1 3 3 1 2 0 2 0 3 2 0 3 3 3 2 1 3 1 2 2 3 3 3 3 3 0 2 0 2
A002253_a2 2 44 1 0 1 0 0 0 0 0 0 1 0 1 1 1 0 1 0 0 0 0 0 0 1 0 1 0 0 1 1 0 0 0 1 0 1 1 1 1 1 0 0 1 0 1
A002253_a3 3 44 1 2 2 0 2 0 0 0 0 2 0 0 0 2 0 2 0 0 0 0 2 0 0 0 2 0 0 2 0 0 0 0 0 0 2 0 0 2 0 0 0 0 0 2
A002253_a4 4 44 1 2 1 2 0 0 2 2 0 1 2 1 1 1 0 1 0 2 2 0 0 0 1 0 1 2 2 1 1 2 0 2 1 2 1 1 1 1 1 0 2 1 0 1
A002863_a2 2 20 0 0 1 1 0 1 1 1 1 1 0 0 0 0 1 1 1 0 0 0
A002863_a3 3 20 0 0 1 1 2 0 1 0 1 0 0 1 1 1 0 2 1 0 0 2
A002863_a4 4 20 0 0 1 1 2 3 3 1 1 1 0 0 0 0 1 1 1 2 2 0
A002981_a2 2 25 0 1 0 1 1 1 1 1 1 1 0 0 0 0 1 1 0 1 0 1 1 1 1 0 1
A002981_a3 3 25 0 1 2 0 2 0 1 2 1 2 2 1 2 1 0 1 2 1 2 2 1 2 0 2 2
A002981_a4 4 25 0 1 2 3 3 3 1 1 1 1 0 2 0 0 3 3 0 1 0 3 3 1 1 0 1
A002982_a2 2 27 1 0 0 1 0 0 0 0 1 0 0 0 0 1 1 0 0 1 1 0 1 0 0 0 0 1 1
A002982_a3 3 27 0 1 0 1 0 2 0 2 0 2 1 1 0 1 1 0 2 1 0 1 2 0 2 2 2 0 1
A002982_a4 4 27 3 0 2 3 0 2 2 0 1 2 2 2 0 3 1 2 2 3 3 2 1 0 2 2 0 3 3
A003022_a2 2 27 1 1 0 1 1 1 0 0 1 0 1 0 1 1 1 1 0 0 1 1 0 0 1 0 0 1 1
A003022_a3 3 27 1 0 0 2 2 1 1 2 1 0 1 1 1 1 0 1 0 0 1 0 2 0 2 0 0 1 0
A003022_a4 4 27 1 3 2 3 1 1 2 0 3 0 1 2 3 3 1 3 0 2 3 1 0 0 1 0 0 1 1
A003307_a2 2 37 1 0 1 1 0 0 0 1 1 1 0 0 0 1 0 0 1 1 0 0 1 0 1 0 0 0 0 0 0 1 0 1 0 0 1 0 0
A003307_a3 3 37 1 2 0 1 2 0 2 2 0 2 2 2 2 2 0 0 0 0 2 2 1 2 2 0 0 0 2 0 2 2 0 0 2 2 1 2 0
A003307_a4 4 37 1 2 3 3 0 0 0 3 3 3 0 2 0 3 2 0 3 3 0 0 3 2 3 0 0 0 2 2 0 3 0 3 0 0 3 0 0
A003459_a2 2 24 0 1 1 1 1 1 1 1 1 1 1 1 1 1 1 1 1 1 1 1 1 1 1 1
A003459_a3 3 24 2 0 2 1 2 1 2 1 1 2 1 1 1 2 2 1 2 1 1 1 1 1 1 2
A003459_a4 4 24 2 3 1 3 3 1 1 3 1 3 1 3 1 1 3 3 3 1 1 1 3 3 3 3
A005115_a2 2 26 0 1 1 1 1 1 1 1 1 1 1 1 1 1 1 1 1 1 1 1 1 1 1 1 1 1
A005115_a3 3 26 2 0 1 2 2 1 1 1 1 1 1 1 2 1 2 1 1 1 1 2 1 1 1 2 2 1
A005115_a4 4 26 2 3 3 3 1 1 3 1 3 1 1 1 3 3 3 3 1 3 3 3 3 3 1 1 3 1
A005176_a2 2 25 1 1 0 0 0 1 0 0 0 0 0 0 0 0 0 0 0 0 0 0 0 0 0 0 0
A005176_a3 3 25 1 1 2 2 1 0 2 0 1 2 2 0 0 0 1 2 2 1 2 0 1 2 1 2 0
A005176_a4 4 25 1 1 2 2 0 3 0 2 2 2 0 2 2 2 2 2 2 0 0 2 2 2 2 0 2
A005177_a2 2 25 1 1 1 1 0 0 1 0 1 0 1 1 1 0 0 0 1 0 0 0 1 1 1 1 1
A005177_a3 3 25 1 1 1 1 2 2 2 1 2 1 2 2 1 0 2 1 1 1 0 2 2 2 0 2 2
A005177_a4 4 25 1 1 1 1 2 2 1 0 1 2 3 3 3 0 0 0 3 0 2 0 1 1 3 1 3
A005265_a2 2 53 1 0 1 1 1 1 1 1 1 1 1 1 1 1 1 1 1 1 1 1 1 1 1 1 1 1 1 1 1 1 1 1 1 1 1 1 1 1 1 1 1 1 1 1 1 1 1 1 1 1 1 1 1
A005265_a3 3 53 0 2 2 2 2 1 1 1 2 2 2 1 2 1 1 2 2 1 1 2 1 2 2 1 1 1 2 2 2 2 2 1 1 2 1 2 2 2 2 1 2 2 2 1 1 2 1 1 2 2 2 2 1
A005265_a4 4 53 3 2 1 1 3 3 1 1 1 3 1 3 1 3 1 1 1 1 1 3 3 1 3 3 3 1 1 3 3 3 1 3 3 1 3 3 3 3 3 1 1 1 3 3 1 3 3 3 1 1 3 1 3
A005315_a2 2 23 1 1 0 0 0 0 0 0 0 0 0 0 0 0 0 0 0 0 0 0 0 0 0
A005315_a3 3 23 1 1 2 2 0 1 1 2 2 2 0 1 2 0 0 0 2 1 1 1 1 2 1
A005315_a4 4 23 1 1 2 0 2 2 0 0 2 2 0 2 0 2 0 0 2 2 0 2 0 0 0
A006794_a2 2 24 1 1 1 1 1 1 1 1 1 1 1 1 1 1 1 1 1 1 1 1 1 1 1 1
A006794_a3 3 24 0 2 2 1 2 2 2 1 1 1 1 1 1 1 2 2 1 1 1 1 2 2 2 1
A006794_a4 4 24 3 1 3 1 1 1 1 1 3 1 1 1 1 1 3 1 1 1 1 1 1 3 1 3
A006820_a2 2 29 1 0 0 0 0 1 1 0 0 0 1 1 0 0 0 1 0 0 0 1 1 0 1 1 0 1 0 1 1
A006820_a3 3 29 1 0 0 0 0 1 1 2 0 1 2 1 2 2 1 0 1 2 1 0 1 2 0 2 1 1 1 0 0
A006820_a4 4 29 1 0 0 0 0 1 1 2 2 0 3 1 0 2 0 3 2 2 2 3 1 2 1 3 0 1 0 3 1
A006879_a2 2 23 0 0 1 1 1 1 0 1 0 1 1 0 1 1 1 1 0 0 1 1 1 0 0
A006879_a3 3 23 0 1 0 2 2 2 2 1 2 0 1 1 0 2 2 2 2 2 1 0 0 2 1
A006879_a4 4 23 0 0 1 3 1 3 2 1 0 3 1 2 1 1 3 3 0 0 3 3 1 0 2
A006880_a2 2 23 0 0 1 0 1 0 0 1 1 0 1 1 0 1 0 1 1 1 0 1 0 0 0
A006880_a3 3 23 0 1 1 0 2 1 0 1 0 0 1 2 2 1 0 2 1 0 1 1 1 0 1
A006880_a4 4 23 0 0 1 0 1 0 2 3 3 2 3 1 2 3 2 1 1 1 0 3 0 0 2
A006966_a2 2 21 1 1 1 1 0 1 1 1 0 0 0 0 0 1 0 0 1 0 1 0 0
A006966_a3 3 21 1 1 1 1 2 2 0 2 0 1 0 2 0 1 2 0 2 1 0 0 1
A006966_a4 4 21 1 1 1 1 2 1 3 1 2 2 2 2 0 1 0 2 3 2 1 2 2
A006983_a2 2 37 0 0 0 0 0 0 0 0 0 0 0 0 0 0 0 0 0 0 0 0 1 0 0 0 0 1 0 1 1 0 1 1 1 1 1 1 0
A006983_a3 3 37 0 0 0 0 0 0 0 0 0 0 0 0 0 0 0 0 0 0 0 0 1 2 0 2 1 0 0 1 2 1 1 2 2 0 1 0 1
A006983_a4 4 37 0 0 0 0 0 0 0 0 0 0 0 0 0 0 0 0 0 0 0 0 1 0 0 2 0 1 0 1 1 2 1 1 1 1 1 3 2
A007097_a2 2 24 1 0 1 1 1 1 1 1 1 1 1 1 1 1 1 1 1 1 1 1 1 1 1 1
A007097_a3 3 24 1 2 0 2 2 1 1 1 2 1 1 2 1 1 1 2 2 1 1 2 1 1 2 2
A007097_a4 4 24 1 2 3 1 3 3 3 1 1 3 3 1 1 1 3 3 1 1 3 3 1 1 3 1
A007658_a2 2 29 1 1 1 1 1 1 1 1 1 1 1 1 1 1 1 1 1 1 1 1 1 1 1 1 1 1 1 1 1
A007658_a3 3 29 0 2 1 1 2 1 2 2 1 1 1 1 1 2 2 1 2 1 2 2 2 1 1 1 2 1 1 1 1
A007658_a4 4 29 3 1 3 1 3 3 1 3 3 1 3 3 1 3 1 1 3 1 3 1 3 3 3 1 3 3 3 1 3
A007749_a2 2 25 1 0 0 0 0 0 0 0 0 0 0 0 0 0 0 0 0 0 0 0 0 0 0 0 0
A007749_a3 3 25 0 1 0 2 1 2 1 1 0 1 2 1 2 2 0 0 2 2 0 1 2 2 2 1 2
A007749_a4 4 25 3 0 2 0 0 2 0 2 2 2 2 2 0 2 0 0 2 0 2 2 0 2 2 2 2
A014545_a2 2 28 0 1 0 1 0 1 1 1 1 0 0 1 0 1 1 1 0 1 1 1 0 0 1 1 1 0 1 1
A014545_a3 3 28 0 1 2 0 1 2 2 0 0 1 0 1 1 1 2 2 1 1 0 0 0 0 0 1 1 1 1 0
A014545_a4 4 28 0 1 2 3 0 1 3 3 3 0 0 1 0 3 3 1 2 3 1 1 2 0 1 3 3 0 1 3
A023055_a2 2 73 1 0 1 0 1 1 0 1 0 1 0 1 1 0 1 0 1 0 1 1 0 1 0 1 0 0 0 1 1 0 1 0 1 0 1 1 1 1 0 1 1 1 1 0 1 1 0 1 1 1 1 0 1 1 1 0 1 0 1 1 0 1 1 1 1 1 0 1 0 1 1 1 0
A023055_a3 3 73 1 2 0 1 2 1 2 0 1 2 0 1 0 1 2 0 1 2 0 2 0 1 2 0 1 0 2 0 2 0 1 2 0 1 2 1 0 2 0 1 0 2 1 2 0 2 0 1 0 2 1 2 0 2 1 2 0 1 2 1 2 0 2 1 0 2 2 0 1 2 1 0 1
A023055_a4 4 73 1 2 3 0 1 3 0 1 2 3 0 1 3 0 1 2 3 0 1 3 0 1 2 3 0 2 0 1 3 0 1 2 3 0 1 3 1 3 0 1 3 1 3 0 1 3 0 1 3 1 3 0 1 3 1 2 3 0 1 3 0 1 3 1 3 1 0 1 2 3 1 3 0
A028491_a2 2 23 1 1 1 1 1 1 1 1 1 1 1 1 1 1 1 1 1 1 1 1 1 1 1
A028491_a3 3 23 0 1 1 2 1 1 2 2 1 1 2 2 1 1 1 2 2 1 1 1 1 1 1
A028491_a4 4 23 3 3 1 3 3 1 3 3 3 1 3 3 1 3 1 1 3 3 3 1 3 3 1
A033844_a2 2 34 0 1 1 1 1 1 1 1 1 1 1 1 1 1 1 1 1 1 1 1 1 1 1 1 1 1 1 1 1 1 1 1 1 1
A033844_a3 3 34 2 0 1 1 2 2 2 2 2 2 1 1 2 2 2 2 1 2 2 1 2 1 1 2 1 1 1 2 2 2 1 1 1 1
A033844_a4 4 34 2 3 3 3 1 3 3 3 3 3 1 3 1 1 3 1 1 1 3 1 3 1 1 3 1 1 1 1 3 1 1 3 1 3
A034295_a2 2 28 1 0 1 1 1 1 1 0 0 0 1 0 1 0 1 1 1 0 1 0 0 0 0 1 0 0 0 1
A034295_a3 3 28 1 2 0 1 2 1 0 1 0 1 2 1 0 0 0 0 2 2 2 0 1 1 2 2 0 0 2 0
A034295_a4 4 28 1 2 3 3 3 3 1 0 0 2 3 0 1 2 3 3 1 2 3 2 2 2 2 3 2 0 2 1
A038119_a2 2 22 1 1 0 1 1 0 1 1 1 1 1 0 0 1 0 1 0 1 1 0 0 0
A038119_a3 3 22 1 1 2 1 2 1 1 1 0 0 1 0 0 2 2 0 2 2 2 0 1 0
A038119_a4 4 22 1 1 2 3 3 0 3 3 1 3 1 2 2 1 2 3 0 1 3 0 0 2
A039951_a2 2 46 0 1 1 1 0 1 1 1 0 1 1 1 0 1 1 1 0 1 1 1 0 1 1 1 0 1 1 1 0 1 1 1 0 1 1 1 0 1 1 1 0 1 1 1 0 1
A039951_a3 3 46 2 1 2 1 2 2 2 0 2 0 2 2 2 2 1 1 2 2 0 2 2 1 1 2 2 0 2 0 2 1 1 2 2 2 0 2 2 2 2 2 2 2 2 0 2 0
A039951_a4 4 46 2 1 3 1 2 1 1 3 2 3 3 1 2 1 3 1 2 1 3 1 2 1 1 1 2 3 3 3 2 3 3 1 2 3 3 1 2 1 3 3 2 3 1 3 2 3
A048211_a2 2 30 1 0 0 1 0 1 1 1 1 1 1 1 1 1 1 1 1 1 1 1 1 1 1 1 1 1 1 1 1 1
A048211_a3 3 30 1 2 1 0 1 2 2 1 2 2 0 0 0 2 0 1 0 1 1 0 1 1 1 0 1 0 2 1 0 1
A048211_a4 4 30 1 2 0 1 2 1 3 1 1 1 3 1 1 3 1 1 3 3 1 1 3 3 1 3 1 1 3 3 1 3
A049054_a2 2 25 1 0 1 0 1 1 0 1 0 1 1 1 1 1 0 1 0 0 1 1 1 0 0 0 0
A049054_a3 3 25 1 2 2 0 2 2 0 0 2 2 0 2 0 2 0 0 0 0 2 2 2 2 2 2 2
A049054_a4 4 25 1 2 1 2 3 1 2 3 0 1 1 3 3 1 2 3 0 2 1 1 3 0 0 0 2
A051783_a2 2 47 0 1 0 1 0 0 0 0 1 0 0 0 1 0 0 1 0 1 1 1 1 1 0 1 0 1 0 1 0 0 0 1 0 0 0 1 1 0 0 0 1 0 0 0 0 0 0
A051783_a3 3 47 0 1 2 0 1 2 1 2 0 0 2 0 0 2 2 0 0 1 1 0 0 0 2 1 2 0 2 0 1 2 1 0 2 2 1 0 1 1 2 1 0 2 2 0 0 2 2
A051783_a4 4 47 0 1 2 3 0 0 2 2 3 0 2 0 3 2 2 3 2 3 3 3 3 3 2 3 2 3 0 3 2 2 2 3 0 0 0 3 3 0 0 0 3 2 0 0 0 2 0
A054767_a2 2 28 1 1 1 0 1 1 1 0 1 1 1 0 1 1 1 0 1 1 1 0 1 1 1 0 1 1 1 0
A054767_a3 3 28 1 0 1 0 1 0 1 0 0 0 1 0 1 0 1 0 1 0 1 0 1 0 1 0 2 0 0 0
A054767_a4 4 28 1 3 1 0 1 3 1 0 3 3 1 0 1 3 1 0 1 3 1 0 1 3 1 0 1 3 1 0
A056993_a2 2 22 0 0 0 0 0 0 0 0 0 0 0 0 0 0 0 0 0 0 0 0 0 0
A056993_a3 3 22 2 2 2 2 2 0 0 0 2 1 2 0 1 1 1 1 0 1 2 1 1 2
A056993_a4 4 22 2 2 2 2 2 2 2 0 2 2 0 2 2 2 2 2 2 2 2 2 0 2
A057468_a2 2 29 0 1 1 1 1 1 1 1 1 1 1 1 1 1 1 1 1 1 1 1 1 1 1 1 1 1 1 1 1
A057468_a3 3 29 2 0 2 2 2 1 2 2 2 1 2 2 2 1 1 1 2 2 1 1 2 1 2 2 1 2 2 2 1
A057468_a4 4 29 2 3 1 1 1 3 1 3 1 1 3 1 1 1 1 1 1 1 1 1 3 3 3 1 1 3 3 1 1
A058958_a2 2 32 0 1 0 1 0 1 0 0 0 0 1 1 0 1 0 0 0 1 1 1 0 0 0 0 1 0 0 1 0 1 1 0
A058958_a3 3 32 0 1 2 0 0 0 1 1 0 0 0 0 0 0 0 1 1 0 0 0 0 0 0 1 0 0 0 0 0 0 0 0
A058958_a4 4 32 0 1 2 3 2 1 2 2 2 2 1 3 2 3 2 2 2 1 3 1 2 2 2 2 3 2 2 3 2 3 1 2
A059801_a2 2 25 0 1 1 1 1 1 1 1 1 1 1 1 1 1 1 1 1 1 1 1 1 1 1 1 1
A059801_a3 3 25 2 0 1 2 2 1 2 2 1 2 1 2 2 1 1 2 1 2 1 2 2 1 1 2 1
A059801_a4 4 25 2 3 3 1 3 3 3 3 3 1 1 3 1 1 3 3 3 1 1 1 3 1 3 3 1
A059802_a2 2 20 1 1 1 1 1 1 1 1 1 1 1 1 1 1 1 1 1 1 1 1
A059802_a3 3 20 0 1 2 2 1 1 2 1 2 1 2 1 1 1 1 1 2 2 2 2
A059802_a4 4 20 3 3 3 3 3 1 3 1 3 3 3 3 1 1 1 3 1 1 3 1
A065199_a2 2 38 0 1 0 1 0 0 0 0 1 0 1 0 0 0 1 0 0 0 1 0 1 0 1 1 1 1 1 0 1 0 0 1 0 1 0 1 0 1
A065199_a3 3 38 0 1 2 0 1 0 0 0 2 0 1 1 1 0 1 2 1 0 1 2 1 1 2 2 0 0 2 0 1 2 0 0 1 2 2 1 2 0
A065199_a4 4 38 0 1 2 3 0 2 0 2 1 2 3 2 0 2 3 0 2 0 1 2 1 0 1 3 3 3 1 2 3 0 2 1 0 1 0 3 0 1
A068934_a2 2 86 1 0 1 0 0 1 0 0 1 1 0 0 1 0 1 0 0 1 0 1 1 0 0 1 0 0 0 1 0 0 1 1 0 1 1 1 0 0 1 0 0 0 0 0 1 0 0 1 1 1 0 1 1 1 1 0 0 1 0 1 0 0 0 0 0 1 0 0 1 1 0 0 1 1 0 1 1 1 0 0 1 0 0 0 0 0
A068934_a3 3 86 1 0 1 0 0 1 0 0 1 1 0 0 1 0 1 0 0 1 2 1 1 0 0 1 0 2 0 1 0 0 1 2 0 0 1 1 0 0 1 0 1 0 1 0 1 0 0 1 1 2 0 0 2 1 1 0 0 1 0 1 0 2 0 0 0 1 0 0 1 1 2 0 1 2 1 0 1 1 0 0 1 0 2 0 0 0
A068934_a4 4 86 1 0 1 0 0 1 0 0 1 1 0 0 1 0 1 0 0 1 2 1 1 0 0 1 0 2 0 1 0 0 1 1 2 3 1 1 0 0 1 0 0 0 0 0 1 0 0 1 3 3 0 1 1 1 1 0 0 1 0 1 0 2 0 2 0 1 0 0 1 1 0 0 1 3 2 1 1 1 0 0 1 0 2 0 0 0
A076336_a2 2 29 1 1 1 1 1 1 1 1 1 1 1 1 1 1 1 1 1 1 1 1 1 1 1 1 1 1 1 1 1
A076336_a3 3 29 2 1 2 2 1 1 1 2 2 1 1 1 2 1 2 1 2 2 1 1 2 1 1 2 1 2 1 2 1
A076336_a4 4 29 1 1 1 3 3 3 1 1 3 1 3 3 1 1 1 3 1 3 3 3 1 1 1 3 3 3 3 1 3
A084438_a2 2 27 1 0 0 0 0 0 0 0 0 0 1 0 0 1 1 1 0 1 1 0 0 1 0 0 0 1 0
A084438_a3 3 27 0 1 0 2 2 2 0 2 0 0 0 0 2 0 0 0 0 0 0 2 2 0 0 2 2 0 2
A084438_a4 4 27 3 0 2 0 0 2 0 2 0 2 3 2 0 3 3 1 2 1 1 2 0 1 2 2 2 3 2
A088275_a2 2 26 1 0 1 0 1 0 0 1 1 0 1 0 0 0 0 1 0 0 0 1 1 0 0 0 0 1
A088275_a3 3 26 1 2 0 1 0 0 1 0 1 2 0 2 1 2 0 0 2 1 1 1 0 1 2 0 2 1
A088275_a4 4 26 1 2 3 0 1 2 2 1 1 0 1 2 2 0 2 1 2 2 2 1 3 2 2 2 0 3
A095688_a2 2 25 1 0 1 1 1 1 0 0 0 0 1 0 1 1 0 0 0 1 0 0 0 0 0 1 1
A095688_a3 3 25 1 2 0 2 1 0 2 1 2 1 0 1 0 0 2 1 2 2 2 2 1 1 2 0 1
A095688_a4 4 25 1 2 3 1 1 1 0 2 0 0 3 2 1 1 2 2 0 1 0 2 0 2 2 1 1
A103300_a2 2 61 1 1 1 0 1 0 0 0 0 0 0 0 0 0 0 0 0 0 0 0 0 0 0 0 0 0 0 0 0 0 0 0 0 0 0 0 0 0 0 0 0 0 0 0 0 0 0 0 0 0 0 0 0 0 0 0 0 0 0 0 0
A103300_a3 3 61 1 1 1 2 0 1 2 0 2 1 2 0 2 0 1 2 2 0 2 2 0 0 0 1 2 1 1 2 0 0 2 2 1 0 2 1 2 2 2 2 1 0 1 2 2 2 0 1 2 1 1 1 2 0 2 0 0 0 0 0 0
A103300_a4 4 61 1 1 1 2 3 0 2 0 0 0 2 2 2 2 2 0 0 0 0 2 2 2 2 0 0 0 2 0 0 2 0 2 0 0 0 2 2 2 2 2 0 0 0 2 0 2 0 2 0 2 0 2 2 2 0 2 0 0 0 0 0
A108052_a2 2 20 1 1 1 1 0 1 1 1 1 0 0 1 1 1 1 0 0 1 1 1
A108052_a3 3 20 1 0 2 1 1 2 2 2 0 0 1 2 1 1 2 0 0 0 1 0
A108052_a4 4 20 1 3 1 3 2 3 1 3 1 0 2 1 1 3 3 2 2 1 1 1
A119714_a2 2 49 1 1 1 0 1 0 1 1 1 0 1 0 1 1 1 0 1 1 1 0 1 1 1 0 1 1 1 0 1 0 1 1 1 0 1 0 1 1 1 0 1 1 1 1 1 0 1 0 1
A119714_a3 3 49 1 0 2 0 0 1 2 0 2 0 0 2 2 0 2 2 0 1 1 1 2 2 2 2 2 0 1 0 0 1 2 1 1 2 0 2 1 0 1 1 0 2 1 0 1 0 0 2 2
A119714_a4 4 49 3 3 1 2 3 2 1 1 3 2 1 2 3 1 3 0 1 1 1 2 1 3 1 2 1 3 3 0 1 2 3 3 1 2 3 0 3 1 1 0 3 3 1 1 3 2 1 0 3
A121877_a2 2 20 1 1 1 1 1 1 1 1 1 1 1 1 1 1 1 1 1 1 1 1
A121877_a3 3 20 1 1 2 1 2 1 1 2 1 1 1 2 1 2 1 1 1 1 2 1
A121877_a4 4 20 1 3 3 3 3 3 3 1 3 1 3 1 3 3 3 3 1 3 3 1
A123910_a2 2 24 1 1 1 1 1 1 1 1 1 1 1 1 1 1 1 1 1 1 1 1 1 1 1 1
A123910_a3 3 24 2 1 0 2 1 0 1 1 2 1 0 0 0 0 1 1 1 1 0 2 1 0 2 1
A123910_a4 4 24 1 3 1 3 1 3 3 1 3 3 1 1 3 3 3 3 3 3 3 3 1 1 3 1
A127816_a2 2 47 1 0 1 0 1 1 1 0 1 0 1 1 1 0 1 0 1 1 1 0 1 0 1 0 1 0 1 1 1 1 1 0 1 1 1 0 1 0 1 1 1 1 1 0 1 1 1
A127816_a3 3 47 2 1 0 2 1 1 1 2 0 2 2 0 2 1 0 2 2 0 1 2 0 2 1 0 2 2 0 1 1 0 2 1 0 1 1 2 2 2 0 1 2 0 2 1 0 1 1
A127816_a4 4 47 1 2 1 0 1 3 1 2 1 2 3 3 3 2 1 0 3 1 1 0 3 2 1 2 1 2 3 3 1 1 3 0 3 1 1 2 3 2 1 1 1 3 3 0 1 3 1
A127817_a2 2 51 0 1 0 1 0 1 0 1 1 1 0 1 0 1 1 1 0 1 0 1 0 1 0 1 0 1 1 1 1 1 0 1 0 1 0 1 0 1 1 1 0 1 1 1 1 1 1 1 0 1 0
A127817_a3 3 51 2 1 0 2 2 0 2 2 2 2 2 0 1 1 0 1 2 0 2 1 0 1 1 1 2 1 0 1 2 1 1 2 0 1 1 0 2 2 0 1 2 2 2 1 0 2 1 0 1 2 1
A127817_a4 4 51 2 3 2 1 2 3 2 3 3 3 2 1 2 3 1 3 0 1 2 3 2 1 2 1 0 1 3 1 1 1 2 3 0 3 2 3 0 3 1 1 2 1 3 1 1 3 1 1 0 3 2
A127818_a2 2 47 1 0 1 0 1 0 1 0 1 1 1 0 1 0 1 0 1 0 1 0 1 0 1 0 1 0 1 0 1 1 1 0 1 0 1 0 1 0 1 0 1 0 1 0 1 1 1
A127818_a3 3 47 0 2 1 0 2 1 0 1 1 2 2 1 0 2 1 0 2 1 0 1 1 2 1 2 0 2 2 0 2 2 1 1 2 0 2 2 0 2 1 0 1 1 0 1 1 0 1
A127818_a4 4 47 3 2 3 2 3 2 1 2 1 3 3 2 1 2 1 0 3 2 3 0 3 2 1 2 3 2 1 0 1 1 1 2 3 2 1 0 3 2 1 0 1 2 3 0 3 3 1
A127821_a2 2 35 0 1 1 1 0 1 1 1 0 1 0 1 1 1 0 1 0 1 0 1 0 1 0 1 0 1 1 1 0 1 0 1 0 1 0
A127821_a3 3 35 2 2 2 0 2 1 0 2 1 0 2 2 2 2 1 0 2 1 0 1 2 0 2 2 1 2 2 0 1 2 1 1 1 0 2
A127821_a4 4 35 2 3 1 3 0 3 3 1 2 1 2 1 1 3 2 1 2 1 2 3 2 3 2 1 0 3 3 1 2 1 2 3 2 1 2
A128149_a2 2 27 1 1 1 1 1 1 1 1 1 1 1 1 1 1 1 1 1 1 1 1 1 1 1 1 1 1 1
A128149_a3 3 27 1 2 2 1 2 2 2 1 2 2 2 2 1 1 2 2 2 1 2 1 1 2 2 2 2 1 1
A128149_a4 4 27 1 3 1 1 1 1 3 1 3 3 1 3 1 1 3 3 3 3 3 1 3 3 3 1 1 3 3
A128154_a2 2 50 1 1 1 1 1 0 1 1 1 0 1 0 1 1 1 0 1 0 1 0 1 0 1 1 1 1 1 0 1 0 1 0 1 1 1 0 1 1 1 0 1 1 1 1 1 0 1 0 1 0
A128154_a3 3 50 1 0 2 2 0 1 2 0 1 0 0 1 2 0 2 2 0 1 1 1 1 1 0 1 2 0 2 0 1 1 1 1 1 1 0 1 1 0 1 1 0 2 1 0 2 0 0 2 1 2
A128154_a4 4 50 1 3 3 1 1 2 3 1 3 2 1 2 3 3 1 0 3 2 1 2 1 2 1 1 3 3 3 0 1 2 3 2 1 3 3 0 3 3 3 0 3 1 1 1 3 2 3 2 3 2
A128155_a2 2 49 0 1 0 1 0 1 0 1 0 1 0 1 0 1 1 1 0 1 0 1 0 1 0 1 0 1 0 1 0 1 0 1 0 1 0 1 0 1 0 1 0 1 0 1 1 1 0 1 0
A128155_a3 3 49 2 1 0 2 1 2 2 2 0 1 1 0 1 1 2 2 2 0 2 2 1 1 1 1 1 2 0 1 1 1 2 2 0 1 2 0 1 2 2 2 1 0 2 2 1 2 1 0 2
A128155_a4 4 49 2 1 2 3 2 1 2 3 0 1 2 1 2 1 1 3 2 1 2 3 2 3 2 3 0 1 2 1 0 3 2 1 0 3 2 3 2 3 2 3 2 3 2 3 3 3 2 3 0
A128156_a2 2 50 1 1 1 0 1 0 1 0 1 0 1 0 1 0 1 1 1 0 1 0 1 0 1 0 1 0 1 0 1 1 1 0 1 0 1 0 1 0 1 0 1 0 1 0 1 0 1 0 1 0
A128156_a3 3 50 0 1 1 0 2 1 0 2 2 0 2 2 0 1 1 2 1 1 0 2 2 2 1 1 0 1 1 0 1 1 0 2 2 2 1 2 0 2 1 0 1 1 0 1 1 0 1 1 0 2
A128156_a4 4 50 3 3 1 2 3 2 3 2 1 2 3 2 3 2 1 1 3 2 1 0 3 2 1 2 1 2 1 0 1 1 1 0 3 2 1 2 3 2 1 2 1 2 3 2 1 2 1 0 1 2
A128157_a2 2 48 0 1 1 1 0 1 1 1 0 1 1 1 0 1 0 1 1 1 0 1 0 1 0 1 0 1 1 1 1 1 1 1 1 1 1 1 0 1 0 1 0 1 1 1 0 1 1 1
A128157_a3 3 48 2 0 1 1 1 2 1 0 1 2 0 2 1 0 1 2 1 1 0 0 2 2 2 1 1 0 1 2 0 1 1 0 2 1 0 2 0 0 1 1 2 2 1 0 2 2 2 2
A128157_a4 4 48 2 3 3 1 2 3 1 1 2 3 1 3 2 1 2 3 3 3 2 1 2 1 2 1 0 3 1 3 1 3 1 1 3 3 3 1 2 3 2 1 2 3 3 3 2 1 1 3
A128158_a2 2 28 1 0 1 1 1 0 1 0 1 0 1 1 1 0 1 0 1 1 1 0 1 0 1 0 1 0 1 0
A128158_a3 3 28 2 2 2 1 1 1 2 2 0 2 2 0 1 2 0 2 2 1 1 2 0 2 2 0 1 1 0 2
A128158_a4 4 28 1 2 1 3 1 2 3 2 3 2 3 3 3 2 1 0 3 3 3 2 3 2 1 2 3 2 1 2
A128159_a2 2 53 0 1 0 1 1 1 0 1 0 1 0 1 1 1 1 1 0 1 1 1 0 1 0 1 1 1 0 1 0 1 1 1 0 1 0 1 0 1 0 1 1 1 0 1 0 1 0 1 1 1 0 1 0
A128159_a3 3 53 2 2 1 2 1 1 1 2 1 0 2 2 0 2 2 0 2 2 2 1 1 0 2 1 0 1 1 0 1 2 1 1 2 0 2 1 2 2 1 2 2 1 1 2 2 0 2 2 0 2 2 2 2
A128159_a4 4 53 2 1 2 1 3 1 2 3 2 3 2 3 1 3 1 3 2 3 3 3 2 1 2 1 3 3 2 1 2 1 1 1 0 3 2 1 0 1 2 1 1 1 2 3 2 1 2 1 3 3 2 1 0
A128160_a2 2 48 1 1 1 0 1 1 1 1 1 0 1 0 1 1 1 0 1 0 1 1 1 0 1 0 1 1 1 0 1 0 1 0 1 0 1 0 1 0 1 0 1 0 1 1 1 0 1 1
A128160_a3 3 48 1 0 2 0 0 1 1 0 2 0 0 2 1 0 2 0 0 1 1 0 2 0 0 1 2 0 1 0 0 2 2 1 2 2 0 2 1 2 2 0 1 1 2 0 1 1 0 1
A128160_a4 4 48 3 3 1 2 3 3 1 1 3 2 1 0 1 1 3 0 1 2 3 1 1 2 3 2 3 3 3 0 3 2 1 2 1 2 1 0 1 2 3 0 1 2 3 3 3 2 3 1
A128165_a2 2 35 1 0 0 0 0 0 0 1 0 0 0 0 0 1 1 1 0 0 1 0 1 0 0 0 1 1 0 1 1 0 1 1 1 0 0
A128165_a3 3 35 1 2 0 1 2 1 1 2 2 1 2 0 1 1 0 1 1 2 1 2 1 2 0 2 0 1 0 2 1 2 1 0 2 1 2
A128165_a4 4 35 1 2 2 2 0 2 0 3 0 0 0 2 0 3 1 1 2 0 1 2 1 0 2 2 1 3 2 3 3 0 3 3 1 0 0
A128166_a2 2 50 1 0 1 0 0 1 0 1 0 0 1 0 0 0 0 0 1 1 0 0 0 0 0 0 1 0 0 0 1 0 0 0 0 0 0 0 1 0 0 0 0 0 1 0 0 0 0 0 0 0
A128166_a3 3 50 1 2 0 1 0 0 0 1 2 1 0 0 0 2 2 0 0 0 0 0 2 0 0 0 0 0 0 0 0 0 2 0 0 0 0 0 2 2 0 1 0 2 2 1 0 0 0 0 2 1
A128166_a4 4 50 1 2 3 0 2 1 0 1 2 0 1 2 2 0 2 2 1 3 0 2 2 2 0 0 3 0 0 0 1 2 0 0 2 0 2 0 3 2 2 2 0 0 3 2 0 0 0 0 0 2
A156695_a2 2 21 1 1 1 1 1 1 1 1 1 1 1 1 1 1 1 1 1 1 1 1 1
A156695_a3 3 21 1 0 2 0 0 0 0 0 0 0 0 0 0 0 0 0 0 0 0 0 0
A156695_a4 4 21 1 3 1 1 1 1 1 3 3 3 1 1 3 1 1 1 1 3 1 3 3
A175607_a2 2 25 1 1 1 1 1 1 1 1 1 1 1 0 1 1 1 1 1 1 1 1 1 1 1 1 1
A175607_a3 3 25 0 2 2 1 2 2 2 1 2 2 2 2 1 2 2 1 1 2 0 2 2 2 1 1 2
A175607_a4 4 25 3 1 1 1 1 1 1 1 1 1 3 2 3 3 3 1 1 1 3 1 1 3 1 1 1
A179386_a2 2 20 0 0 1 0 0 1 1 0 1 0 1 1 0 0 1 1 1 0 0 0
A179386_a3 3 20 2 1 1 2 1 2 1 0 0 0 0 1 2 0 1 1 0 2 1 1
A179386_a4 4 20 2 0 3 2 0 3 1 0 3 2 3 3 2 0 1 1 3 2 0 0
A179387_a2 2 20 1 1 0 1 1 1 1 0 0 1 0 1 1 0 1 1 0 1 1 0
A179387_a3 3 20 0 2 2 2 1 0 2 1 1 1 0 1 0 1 2 2 0 0 1 2
A179387_a4 4 20 3 1 0 3 1 3 1 0 0 3 2 3 3 2 1 1 2 3 1 0
A179388_a2 2 20 1 1 1 1 1 0 0 0 1 1 1 0 1 0 0 0 1 1 1 0
A179388_a3 3 20 2 2 1 0 0 2 2 2 1 2 0 0 1 2 1 1 0 1 0 2
A179388_a4 4 20 1 3 1 3 1 0 0 2 1 1 3 0 1 0 2 0 3 1 3 0
A180414_a2 2 21 1 0 0 0 0 0 0 0 0 0 1 0 0 0 1 1 0 1 0 1 1
A180414_a3 3 21 1 2 1 2 1 0 2 2 2 2 1 2 1 0 0 0 1 0 1 0 2
A180414_a4 4 21 1 2 0 0 0 0 0 2 2 0 3 0 2 0 3 3 2 3 2 1 1
A226529_a2 2 46 1 0 0 0 0 0 0 0 0 0 0 0 0 0 0 0 0 0 0 0 0 0 0 0 0 0 0 0 0 0 0 0 0 0 0 0 0 0 0 0 0 0 0 0 0 0
A226529_a3 3 46 1 1 1 0 1 0 0 0 2 2 1 2 0 2 2 0 1 0 0 2 0 0 1 2 2 2 2 2 0 1 1 2 0 2 0 0 2 1 2 0 2 2 1 2 2 0
A226529_a4 4 46 1 2 2 0 2 0 2 2 0 2 2 2 2 0 2 0 0 0 2 2 2 0 0 2 2 0 2 0 2 0 2 0 2 0 2 0 2 0 2 0 2 2 0 2 0 0
A226530_a2 2 36 1 0 0 0 0 0 0 0 0 0 0 0 0 0 0 0 0 0 0 0 0 0 0 0 0 0 0 0 0 0 0 0 0 0 0 0
A226530_a3 3 36 1 1 1 0 2 2 2 1 1 2 2 0 1 0 0 1 2 0 2 2 0 0 0 2 0 1 1 2 0 0 1 0 1 2 0 0
A226530_a4 4 36 1 2 0 2 2 0 0 2 2 2 0 2 0 0 0 0 0 2 2 2 0 2 0 2 0 2 0 0 0 2 0 0 0 2 0 2
A327969_a2 2 24 0 1 0 0 1 0 1 0 0 0 1 0 1 0 1 0 0 0 1 0 1 0 1 0
A327969_a3 3 24 0 1 2 2 2 2 0 2 0 1 0 2 2 2 2 0 0 2 2 2 1 1 0 2
A327969_a4 4 24 0 1 2 2 1 2 3 2 2 0 3 2 1 2 1 2 2 2 1 2 3 0 3 2
