# omnis-workload v1
# category: oeis_base
# loader_version: 1
# oeis_snapshot_sha: 91d5c7ac357112c01677923f85c5f6a5b2178c700bab16da7bcc894a8e225079
# omnis_min_version: 0.1.0
# created_utc: 2025-05-07T00:00:00Z
# matched_sequences: 192
# count: 576
# body_sha256: 5dd6c438b47cca05bb396becb0f9b24e3faf515fff529aec90702647bdb03da4
# selection_rule: Base/digit-related (keyword:base), first ~200 reachable via OEIS API, N up to 500
A000030_a2 2 133 0 1 0 1 0 1 0 1 0 1 1 1 1 1 1 1 1 1 1 1 0 0 0 0 0 0 0 0 0 0 1 1 1 1 1 1 1 1 1 1 0 0 0 0 0 0 0 0 0 0 1 1 1 1 1 1 1 1 1 1 0 0 0 0 0 0 0 0 0 0 1 1 1 1 1 1 1 1 1 1 0 0 0 0 0 0 0 0 0 0 1 1 1 1 1 1 1 1 1 1 1 1 1 1 1 1 1 1 1 1 1 1 1 1 1 1 1 1 1 1 1 1 1 1 1 1 1 1 1 1 1 1 1
A000030_a3 3 133 0 1 2 0 1 2 0 1 2 0 1 1 1 1 1 1 1 1 1 1 2 2 2 2 2 2 2 2 2 2 0 0 0 0 0 0 0 0 0 0 1 1 1 1 1 1 1 1 1 1 2 2 2 2 2 2 2 2 2 2 0 0 0 0 0 0 0 0 0 0 1 1 1 1 1 1 1 1 1 1 2 2 2 2 2 2 2 2 2 2 0 0 0 0 0 0 0 0 0 0 1 1 1 1 1 1 1 1 1 1 1 1 1 1 1 1 1 1 1 1 1 1 1 1 1 1 1 1 1 1 1 1 1
A000030_a4 4 133 0 1 2 3 0 1 2 3 0 1 1 1 1 1 1 1 1 1 1 1 2 2 2 2 2 2 2 2 2 2 3 3 3 3 3 3 3 3 3 3 0 0 0 0 0 0 0 0 0 0 1 1 1 1 1 1 1 1 1 1 2 2 2 2 2 2 2 2 2 2 3 3 3 3 3 3 3 3 3 3 0 0 0 0 0 0 0 0 0 0 1 1 1 1 1 1 1 1 1 1 1 1 1 1 1 1 1 1 1 1 1 1 1 1 1 1 1 1 1 1 1 1 1 1 1 1 1 1 1 1 1 1 1
A000042_a2 2 20 1 1 1 1 1 1 1 1 1 1 1 1 1 1 1 1 1 1 1 1
A000042_a3 3 20 1 2 0 1 2 0 1 2 0 1 2 0 1 2 0 1 2 0 1 2
A000042_a4 4 20 1 3 3 3 3 3 3 3 3 3 3 3 3 3 3 3 3 3 3 3
A000069_a2 2 65 1 0 0 1 0 1 1 0 0 1 1 0 1 0 0 1 0 1 1 0 1 0 0 1 1 0 0 1 0 1 1 0 0 1 1 0 1 0 0 1 1 0 0 1 0 1 1 0 1 0 0 1 0 1 1 0 0 1 1 0 1 0 0 1 0
A000069_a3 3 65 1 2 1 1 2 2 1 2 1 1 0 1 1 2 1 1 2 2 1 2 2 0 2 2 1 2 1 1 2 2 1 2 1 1 0 1 1 2 1 1 0 1 0 0 1 1 0 1 1 2 1 1 2 2 1 2 1 1 0 1 1 2 1 1 2
A000069_a4 4 65 1 2 0 3 0 3 1 2 0 3 1 2 1 2 0 3 0 3 1 2 1 2 0 3 1 2 0 3 0 3 1 2 0 3 1 2 1 2 0 3 1 2 0 3 0 3 1 2 1 2 0 3 0 3 1 2 0 3 1 2 1 2 0 3 0
A000120_a2 2 105 0 1 1 0 1 0 0 1 1 0 0 1 0 1 1 0 1 0 0 1 0 1 1 0 0 1 1 0 1 0 0 1 1 0 0 1 0 1 1 0 0 1 1 0 1 0 0 1 0 1 1 0 1 0 0 1 1 0 0 1 0 1 1 0 1 0 0 1 0 1 1 0 0 1 1 0 1 0 0 1 0 1 1 0 1 0 0 1 1 0 0 1 0 1 1 0 0 1 1 0 1 0 0 1 1
A000120_a3 3 105 0 1 1 2 1 2 2 0 1 2 2 0 2 0 0 1 1 2 2 0 2 0 0 1 2 0 0 1 0 1 1 2 1 2 2 0 2 0 0 1 2 0 0 1 0 1 1 2 2 0 0 1 0 1 1 2 0 1 1 2 1 2 2 0 1 2 2 0 2 0 0 1 2 0 0 1 0 1 1 2 2 0 0 1 0 1 1 2 0 1 1 2 1 2 2 0 2 0 0 1 0 1 1 2 0
A000120_a4 4 105 0 1 1 2 1 2 2 3 1 2 2 3 2 3 3 0 1 2 2 3 2 3 3 0 2 3 3 0 3 0 0 1 1 2 2 3 2 3 3 0 2 3 3 0 3 0 0 1 2 3 3 0 3 0 0 1 3 0 0 1 0 1 1 2 1 2 2 3 2 3 3 0 2 3 3 0 3 0 0 1 2 3 3 0 3 0 0 1 3 0 0 1 0 1 1 2 2 3 3 0 3 0 0 1 3
A000788_a2 2 63 0 1 0 0 1 1 1 0 1 1 1 0 0 1 0 0 1 1 1 0 0 1 0 0 0 1 0 0 1 1 1 0 1 1 1 0 0 1 0 0 0 1 0 0 1 1 1 0 0 1 0 0 1 1 1 0 1 1 1 0 0 1 0
A000788_a3 3 63 0 1 2 1 2 1 0 0 1 0 2 2 1 1 1 2 0 2 1 1 0 0 0 1 0 0 0 1 1 2 0 2 0 2 1 1 0 0 0 1 0 0 0 1 1 2 0 2 1 1 1 2 2 0 1 0 0 1 2 1 2 1 0
A000788_a4 4 63 0 1 2 0 1 3 1 0 1 3 1 0 2 1 0 0 1 3 1 0 2 1 0 0 2 1 0 0 3 3 3 0 1 3 1 0 2 1 0 0 2 1 0 0 3 3 3 0 2 1 0 0 3 3 3 0 3 3 3 0 0 1 2
A001317_a2 2 42 1 1 1 1 1 1 1 1 1 1 1 1 1 1 1 1 1 1 1 1 1 1 1 1 1 1 1 1 1 1 1 1 1 1 1 1 1 1 1 1 1 1
A001317_a3 3 42 1 0 2 0 2 0 1 0 2 0 1 0 1 0 2 0 2 0 1 0 1 0 2 0 1 0 2 0 2 0 1 0 2 0 1 0 1 0 2 0 1 0
A001317_a4 4 42 1 3 1 3 1 3 1 3 1 3 1 3 1 3 1 3 1 3 1 3 1 3 1 3 1 3 1 3 1 3 1 3 1 3 1 3 1 3 1 3 1 3
A001969_a2 2 65 0 1 1 0 1 0 0 1 1 0 0 1 0 1 1 0 1 0 0 1 0 1 1 0 0 1 1 0 1 0 0 1 1 0 0 1 0 1 1 0 0 1 1 0 1 0 0 1 0 1 1 0 1 0 0 1 1 0 0 1 0 1 1 0 1
A001969_a3 3 65 0 0 2 0 0 1 0 0 2 0 2 2 0 0 2 0 0 1 0 0 1 1 0 1 0 0 2 0 0 1 0 0 2 0 2 2 0 0 2 0 2 2 1 2 2 0 2 2 0 0 2 0 0 1 0 0 2 0 2 2 0 0 2 0 0
A001969_a4 4 65 0 3 1 2 1 2 0 3 1 2 0 3 0 3 1 2 1 2 0 3 0 3 1 2 0 3 1 2 1 2 0 3 1 2 0 3 0 3 1 2 0 3 1 2 1 2 0 3 0 3 1 2 1 2 0 3 1 2 0 3 0 3 1 2 1
A002113_a2 2 61 0 1 0 1 0 1 0 1 0 1 1 0 1 0 1 0 1 0 1 1 1 1 1 1 1 1 1 1 1 0 0 0 0 0 0 0 0 0 0 1 1 1 1 1 1 1 1 1 1 0 0 0 0 0 0 0 0 0 0 1 1
A002113_a3 3 61 0 1 2 0 1 2 0 1 2 0 2 1 0 2 1 0 2 1 0 2 0 1 2 0 1 2 0 1 2 1 2 0 1 2 0 1 2 0 1 0 1 2 0 1 2 0 1 2 0 2 0 1 2 0 1 2 0 1 2 1 2
A002113_a4 4 61 0 1 2 3 0 1 2 3 0 1 3 2 1 0 3 2 1 0 3 1 3 1 3 1 3 1 3 1 3 2 0 2 0 2 0 2 0 2 0 3 1 3 1 3 1 3 1 3 1 0 2 0 2 0 2 0 2 0 2 1 3
A002371_a2 2 67 0 1 0 0 0 0 0 0 0 0 1 1 1 1 0 1 0 0 1 1 0 1 1 0 0 0 0 1 0 0 0 0 0 0 0 1 0 1 0 1 0 0 1 0 0 1 0 0 1 0 0 1 0 0 0 0 0 1 1 0 1 0 1 1 0 1 0
A002371_a3 3 67 0 1 0 0 2 0 1 0 1 1 0 0 2 0 1 1 1 0 0 2 2 1 2 2 0 1 1 2 0 1 0 1 2 1 1 0 0 0 1 1 1 0 2 0 2 0 0 0 2 0 1 1 0 2 1 1 1 2 0 1 0 2 0 2 0 1 2
A002371_a4 4 67 0 1 0 2 2 2 0 2 2 0 3 3 1 1 2 1 2 0 1 3 0 1 1 0 0 0 2 1 0 0 2 2 0 2 0 3 2 1 2 3 2 0 3 0 2 3 2 2 1 0 0 3 2 2 0 2 0 1 1 0 1 2 1 3 0 3 2
A002385_a2 2 46 0 1 1 1 1 1 1 1 1 1 1 1 1 1 1 1 1 1 1 1 1 1 1 1 1 1 1 1 1 1 1 1 1 1 1 1 1 1 1 1 1 1 1 1 1 1
A002385_a3 3 46 2 0 2 1 2 2 2 1 1 2 1 2 1 2 1 1 1 2 1 2 2 1 2 1 2 1 1 2 2 1 2 1 2 1 2 2 2 1 2 2 1 1 1 2 1 2
A002385_a4 4 46 2 3 1 3 3 1 3 3 1 3 1 1 1 3 3 1 3 1 3 1 1 1 1 3 3 1 1 1 3 3 3 1 1 3 3 1 1 1 1 3 3 1 1 3 3 3
A002778_a2 2 42 0 1 0 1 1 0 0 1 1 1 0 0 0 1 0 1 1 0 1 0 1 1 1 1 1 1 0 0 1 0 1 1 1 1 1 0 0 1 1 1 1 1
A002778_a3 3 42 0 1 2 0 2 1 2 2 0 1 1 2 0 1 2 2 1 1 2 2 2 0 1 1 2 0 1 2 2 0 0 2 1 1 0 1 2 2 0 1 1 2
A002778_a4 4 42 0 1 2 3 3 2 2 1 3 1 2 0 0 3 0 1 3 2 1 0 1 1 1 3 3 3 2 2 1 2 1 1 1 3 3 2 0 1 1 1 1 1
A003052_a2 2 56 1 1 1 1 1 0 1 0 1 0 1 0 1 0 0 1 0 1 0 1 0 1 0 1 1 0 1 0 1 0 1 0 1 0 0 1 0 1 0 1 0 1 0 1 1 0 1 0 1 0 1 0 1 0 0 1
A003052_a3 3 56 1 0 2 1 0 2 1 0 2 1 0 2 1 0 2 1 0 2 1 0 2 1 0 2 1 0 2 1 0 2 1 0 2 1 0 2 1 0 2 1 0 2 1 0 2 1 0 2 1 0 2 1 0 2 1 0
A003052_a4 4 56 1 3 1 3 1 0 3 2 1 0 3 2 1 0 2 1 0 3 2 1 0 3 2 1 3 2 1 0 3 2 1 0 3 2 0 3 2 1 0 3 2 1 0 3 1 0 3 2 1 0 3 2 1 0 2 1
A003132_a2 2 71 0 1 0 1 0 1 0 1 0 1 1 0 1 0 1 0 1 0 1 0 0 1 0 1 0 1 0 1 0 1 1 0 1 0 1 0 1 0 1 0 0 1 0 1 0 1 0 1 0 1 1 0 1 0 1 0 1 0 1 0 0 1 0 1 0 1 0 1 0 1 1
A003132_a3 3 71 0 1 1 0 1 1 0 1 1 0 1 2 2 1 2 2 1 2 2 1 1 2 2 1 2 2 1 2 2 1 0 1 1 0 1 1 0 1 1 0 1 2 2 1 2 2 1 2 2 1 1 2 2 1 2 2 1 2 2 1 0 1 1 0 1 1 0 1 1 0 1
A003132_a4 4 71 0 1 0 1 0 1 0 1 0 1 1 2 1 2 1 2 1 2 1 2 0 1 0 1 0 1 0 1 0 1 1 2 1 2 1 2 1 2 1 2 0 1 0 1 0 1 0 1 0 1 1 2 1 2 1 2 1 2 1 2 0 1 0 1 0 1 0 1 0 1 1
A003159_a2 2 70 1 1 0 1 1 1 1 0 1 1 0 1 1 0 1 1 1 1 0 1 1 1 1 0 1 1 1 1 0 1 1 0 1 1 0 1 1 1 1 0 1 1 0 1 1 0 1 1 1 1 0 1 1 0 1 1 0 1 1 1 1 0 1 1 1 1 0 1 1 1
A003159_a3 3 70 1 0 1 2 1 0 2 0 1 0 1 2 1 2 0 2 1 0 1 2 1 0 2 0 1 0 2 1 2 0 2 0 1 0 1 2 1 0 2 0 1 0 1 2 1 2 0 2 1 0 1 2 1 2 0 2 0 1 0 2 1 2 0 2 1 0 1 2 1 0
A003159_a4 4 70 1 3 0 1 3 1 3 0 1 3 0 1 3 0 1 3 1 3 0 1 3 1 3 0 1 3 1 3 0 1 3 0 1 3 0 1 3 1 3 0 1 3 0 1 3 0 1 3 1 3 0 1 3 0 1 3 0 1 3 1 3 0 1 3 1 3 0 1 3 1
A003459_a2 2 24 0 1 1 1 1 1 1 1 1 1 1 1 1 1 1 1 1 1 1 1 1 1 1 1
A003459_a3 3 24 2 0 2 1 2 1 2 1 1 2 1 1 1 2 2 1 2 1 1 1 1 1 1 2
A003459_a4 4 24 2 3 1 3 3 1 1 3 1 3 1 3 1 1 3 3 3 1 1 1 3 3 3 3
A003617_a2 2 20 0 1 1 1 1 1 1 1 1 1 1 1 1 1 1 1 1 1 1 1
A003617_a3 3 20 2 2 2 1 2 1 1 2 2 2 2 1 1 2 2 2 2 1 1 1
A003617_a4 4 20 2 3 1 1 3 3 3 3 3 3 3 3 3 1 3 1 1 3 3 3
A003754_a2 2 60 0 1 0 1 1 0 1 0 1 1 0 1 1 0 1 0 1 1 0 1 0 1 1 0 1 1 0 1 0 1 1 0 1 1 0 1 0 1 1 0 1 0 1 1 0 1 1 0 1 0 1 1 0 1 0 1 1 0 1 1
A003754_a3 3 60 0 1 2 0 2 0 1 1 2 1 2 0 0 1 2 2 0 2 0 1 0 1 0 1 2 2 0 1 1 2 1 2 0 1 2 0 0 1 0 1 2 1 2 1 2 0 0 1 2 2 0 2 0 1 2 0 2 0 1 1
A003754_a4 4 60 0 1 2 3 1 2 3 2 3 1 2 3 1 2 3 2 3 1 2 3 2 3 1 2 3 1 2 3 2 3 1 2 3 1 2 3 2 3 1 2 3 2 3 1 2 3 1 2 3 2 3 1 2 3 2 3 1 2 3 1
A004086_a2 2 75 0 1 0 1 0 1 0 1 0 1 1 1 1 1 1 1 1 1 1 1 0 0 0 0 0 0 0 0 0 0 1 1 1 1 1 1 1 1 1 1 0 0 0 0 0 0 0 0 0 0 1 1 1 1 1 1 1 1 1 1 0 0 0 0 0 0 0 0 0 0 1 1 1 1 1
A004086_a3 3 75 0 1 2 0 1 2 0 1 2 0 1 2 0 1 2 0 1 2 0 1 2 0 1 2 0 1 2 0 1 2 0 1 2 0 1 2 0 1 2 0 1 2 0 1 2 0 1 2 0 1 2 0 1 2 0 1 2 0 1 2 0 1 2 0 1 2 0 1 2 0 1 2 0 1 2
A004086_a4 4 75 0 1 2 3 0 1 2 3 0 1 1 3 1 3 1 3 1 3 1 3 2 0 2 0 2 0 2 0 2 0 3 1 3 1 3 1 3 1 3 1 0 2 0 2 0 2 0 2 0 2 1 3 1 3 1 3 1 3 1 3 2 0 2 0 2 0 2 0 2 0 3 1 3 1 3
A004159_a2 2 80 0 1 0 1 1 1 1 1 0 1 1 0 1 0 0 1 1 1 1 0 0 1 0 0 0 1 1 0 1 1 1 0 1 0 1 0 0 1 1 1 1 0 0 0 1 1 0 1 1 1 1 1 1 1 0 0 1 0 0 0 1 1 1 1 1 1 0 1 0 0 1 0 0 1 0 0 1 1 0 1
A004159_a3 3 80 0 1 1 0 1 1 0 1 1 0 1 1 0 1 1 0 1 1 0 1 1 0 1 1 0 1 1 0 1 1 0 1 1 0 1 1 0 1 1 0 1 1 0 1 1 0 1 1 0 1 1 0 1 1 0 1 1 0 1 1 0 1 1 0 1 1 0 1 1 0 1 1 0 1 1 0 1 1 0 1
A004159_a4 4 80 0 1 0 1 3 3 1 1 2 1 1 0 1 0 0 1 1 3 1 2 0 1 0 0 2 1 3 2 3 1 1 0 3 2 1 2 2 3 1 1 3 0 2 2 3 1 2 1 1 3 3 1 1 3 2 2 1 2 0 0 1 1 3 3 3 1 2 1 0 2 1 2 2 3 2 2 1 1 2 1
A004207_a2 2 54 1 1 0 0 0 0 1 0 0 1 0 0 1 1 1 1 1 1 0 1 1 0 1 1 1 1 0 1 0 0 1 1 1 0 1 1 0 1 1 0 1 0 0 0 0 1 0 0 0 0 1 1 0 0
A004207_a3 3 54 1 1 2 1 2 1 2 1 2 1 2 1 2 1 2 1 2 1 2 1 2 1 2 1 2 1 2 1 2 1 2 1 2 1 2 1 2 1 2 1 2 1 2 1 2 1 2 1 2 1 2 1 2 1
A004207_a4 4 54 1 1 2 0 0 0 3 0 2 1 2 2 1 3 1 3 3 3 2 3 1 0 1 1 1 3 2 1 2 2 1 3 1 0 1 1 0 1 3 2 3 0 0 2 0 3 0 0 0 2 1 1 2 2
A004488_a2 2 67 0 0 1 0 0 1 1 1 0 0 0 1 0 0 1 1 1 0 1 1 0 1 1 0 0 0 1 0 0 1 0 0 1 1 1 0 0 0 1 0 0 1 1 1 0 1 1 0 1 1 0 0 0 1 1 1 0 1 1 0 0 0 1 1 1 0 1
A004488_a3 3 67 0 2 1 0 2 1 0 2 1 0 2 1 0 2 1 0 2 1 0 2 1 0 2 1 0 2 1 0 2 1 0 2 1 0 2 1 0 2 1 0 2 1 0 2 1 0 2 1 0 2 1 0 2 1 0 2 1 0 2 1 0 2 1 0 2 1 0
A004488_a4 4 67 0 2 1 2 0 3 3 1 0 2 0 3 0 2 1 1 3 2 1 3 2 3 1 0 0 2 1 2 0 3 0 2 1 1 3 2 0 2 1 2 0 3 3 1 0 3 1 0 1 3 2 2 0 3 3 1 0 1 3 2 2 0 3 1 3 2 3
A004601_a2 2 105 1 1 0 0 1 0 0 1 0 0 0 0 1 1 1 1 1 1 0 1 1 0 1 0 1 0 1 0 0 0 1 0 0 0 1 0 0 0 0 1 0 1 1 0 1 0 0 0 1 1 0 0 0 0 1 0 0 0 1 1 0 1 0 0 1 1 0 0 0 1 0 0 1 1 0 0 0 1 1 0 0 1 1 0 0 0 1 0 1 0 0 0 1 0 1 1 1 0 0 0 0 0 0 0 1
A004601_a3 3 105 1 1 0 0 1 0 0 1 0 0 0 0 1 1 1 1 1 1 0 1 1 0 1 0 1 0 1 0 0 0 1 0 0 0 1 0 0 0 0 1 0 1 1 0 1 0 0 0 1 1 0 0 0 0 1 0 0 0 1 1 0 1 0 0 1 1 0 0 0 1 0 0 1 1 0 0 0 1 1 0 0 1 1 0 0 0 1 0 1 0 0 0 1 0 1 1 1 0 0 0 0 0 0 0 1
A004601_a4 4 105 1 1 0 0 1 0 0 1 0 0 0 0 1 1 1 1 1 1 0 1 1 0 1 0 1 0 1 0 0 0 1 0 0 0 1 0 0 0 0 1 0 1 1 0 1 0 0 0 1 1 0 0 0 0 1 0 0 0 1 1 0 1 0 0 1 1 0 0 0 1 0 0 1 1 0 0 0 1 1 0 0 1 1 0 0 0 1 0 1 0 0 0 1 0 1 1 1 0 0 0 0 0 0 0 1
A004676_a2 2 33 0 1 1 1 1 1 1 1 1 1 1 1 1 1 1 1 1 1 1 1 1 1 1 1 1 1 1 1 1 1 1 1 1
A004676_a3 3 33 1 2 2 0 0 0 2 0 1 1 2 0 0 1 2 1 2 2 0 1 0 2 1 1 0 1 2 2 2 1 1 0 0
A004676_a4 4 33 2 3 1 3 3 1 1 3 3 1 3 1 1 3 3 1 3 1 3 3 1 3 3 1 1 1 3 3 1 1 3 3 1
A005349_a2 2 61 1 0 1 0 1 0 1 0 1 0 0 0 0 1 0 1 0 0 0 0 1 0 0 0 0 1 0 0 0 1 0 0 0 0 0 0 1 0 0 1 0 0 0 1 1 0 0 0 0 1 0 0 1 0 0 0 1 0 0 1 0
A005349_a3 3 61 1 2 0 1 2 0 1 2 0 1 0 0 2 0 0 0 0 0 1 0 0 0 2 0 0 0 1 0 2 0 0 0 1 0 0 2 0 1 0 0 0 0 0 1 0 2 0 0 2 0 0 0 0 0 1 0 0 0 2 0 0
A005349_a4 4 61 1 2 3 0 1 2 3 0 1 2 0 2 0 1 0 3 2 0 0 2 1 0 2 2 0 3 2 0 0 1 0 2 0 2 0 2 3 0 2 1 0 2 0 1 3 0 0 2 0 1 0 2 3 0 2 0 3 2 0 1 0
A005823_a2 2 56 0 0 0 0 0 0 0 0 0 0 0 0 0 0 0 0 0 0 0 0 0 0 0 0 0 0 0 0 0 0 0 0 0 0 0 0 0 0 0 0 0 0 0 0 0 0 0 0 0 0 0 0 0 0 0 0
A005823_a3 3 56 0 2 0 2 0 2 0 2 0 2 0 2 0 2 0 2 0 2 0 2 0 2 0 2 0 2 0 2 0 2 0 2 0 2 0 2 0 2 0 2 0 2 0 2 0 2 0 2 0 2 0 2 0 2 0 2
A005823_a4 4 56 0 2 2 0 2 0 0 2 2 0 0 2 0 2 2 0 2 0 0 2 0 2 2 0 0 2 2 0 2 0 0 2 2 0 0 2 0 2 2 0 0 2 2 0 2 0 0 2 0 2 2 0 2 0 0 2
A005836_a2 2 58 0 1 1 0 1 0 0 1 1 0 0 1 0 1 1 0 1 0 0 1 0 1 1 0 0 1 1 0 1 0 0 1 1 0 0 1 0 1 1 0 0 1 1 0 1 0 0 1 0 1 1 0 1 0 0 1 1 0
A005836_a3 3 58 0 1 0 1 0 1 0 1 0 1 0 1 0 1 0 1 0 1 0 1 0 1 0 1 0 1 0 1 0 1 0 1 0 1 0 1 0 1 0 1 0 1 0 1 0 1 0 1 0 1 0 1 0 1 0 1 0 1
A005836_a4 4 58 0 1 3 0 1 2 0 1 3 0 2 3 0 1 3 0 1 2 0 1 2 3 1 2 0 1 3 0 1 2 0 1 3 0 2 3 0 1 3 0 2 3 1 2 3 0 2 3 0 1 3 0 1 2 0 1 3 0
A006567_a2 2 51 1 1 1 1 1 1 1 1 1 1 1 1 1 1 1 1 1 1 1 1 1 1 1 1 1 1 1 1 1 1 1 1 1 1 1 1 1 1 1 1 1 1 1 1 1 1 1 1 1 1 1
A006567_a3 3 51 1 2 1 1 2 1 1 1 2 2 2 1 2 2 1 2 1 2 2 2 2 1 1 1 2 1 2 1 1 1 2 2 1 2 2 1 1 1 2 1 2 1 2 2 2 2 2 1 2 2 1
A006567_a4 4 51 1 1 3 1 3 1 3 1 3 1 1 1 3 3 3 3 1 3 3 1 1 1 1 3 3 3 1 1 3 1 1 1 3 3 3 3 1 1 3 1 1 1 3 1 3 1 3 1 1 1 1
A006753_a2 2 53 0 0 1 0 1 0 1 0 0 1 0 1 0 1 0 0 1 0 0 1 1 0 1 0 0 0 1 0 0 1 0 0 1 0 0 0 0 1 0 0 1 0 1 1 1 1 0 0 1 0 1 1 1
A006753_a3 3 53 1 1 0 1 1 1 1 1 1 1 1 1 1 1 0 1 1 0 1 0 1 1 1 1 0 0 0 1 0 0 0 0 0 0 0 1 2 0 0 1 0 0 0 1 1 0 1 1 1 0 1 1 1
A006753_a4 4 53 0 2 3 2 1 2 1 2 2 1 2 3 2 3 2 2 3 2 2 3 1 2 3 2 0 0 3 2 0 1 0 2 3 2 2 2 0 1 2 2 1 0 1 3 1 3 2 2 1 2 3 1 3
A006879_a2 2 23 0 0 1 1 1 1 0 1 0 1 1 0 1 1 1 1 0 0 1 1 1 0 0
A006879_a3 3 23 0 1 0 2 2 2 2 1 2 0 1 1 0 2 2 2 2 2 1 0 0 2 1
A006879_a4 4 23 0 0 1 3 1 3 2 1 0 3 1 2 1 1 3 3 0 0 3 3 1 0 2
A006995_a2 2 58 0 1 1 1 1 1 1 1 1 1 1 1 1 1 1 1 1 1 1 1 1 1 1 1 1 1 1 1 1 1 1 1 1 1 1 1 1 1 1 1 1 1 1 1 1 1 1 1 1 1 1 1 1 1 1 1 1 1
A006995_a3 3 58 0 1 0 2 1 0 0 2 0 0 1 0 0 0 0 2 1 1 0 0 2 2 1 0 0 0 0 0 0 0 0 2 0 0 1 1 2 2 0 0 1 1 2 2 0 0 1 0 0 0 0 0 0 0 0 0 0 0
A006995_a4 4 58 0 1 3 1 3 1 3 1 1 3 3 1 1 3 3 1 1 1 1 3 3 3 3 1 1 1 1 3 3 3 3 1 1 1 1 1 1 1 1 3 3 3 3 3 3 3 3 1 1 1 1 1 1 1 1 3 3 3
A007088_a2 2 40 0 1 0 1 0 1 0 1 0 1 0 1 0 1 0 1 0 1 0 1 0 1 0 1 0 1 0 1 0 1 0 1 0 1 0 1 0 1 0 1
A007088_a3 3 40 0 1 1 2 1 2 2 0 1 2 2 0 2 0 0 1 1 2 2 0 2 0 0 1 2 0 0 1 0 1 1 2 1 2 2 0 2 0 0 1
A007088_a4 4 40 0 1 2 3 0 1 2 3 0 1 2 3 0 1 2 3 0 1 2 3 0 1 2 3 0 1 2 3 0 1 2 3 0 1 2 3 0 1 2 3
A007089_a2 2 50 0 1 0 0 1 0 0 1 0 0 1 0 0 1 0 0 1 0 0 1 0 0 1 0 0 1 0 0 1 0 0 1 0 0 1 0 0 1 0 0 1 0 0 1 0 0 1 0 0 1
A007089_a3 3 50 0 1 2 1 2 0 2 0 1 1 2 0 2 0 1 0 1 2 2 0 1 0 1 2 1 2 0 1 2 0 2 0 1 0 1 2 2 0 1 0 1 2 1 2 0 0 1 2 1 2
A007089_a4 4 50 0 1 2 2 3 0 0 1 2 0 1 2 2 3 0 0 1 2 0 1 2 2 3 0 0 1 2 0 1 2 2 3 0 0 1 2 0 1 2 2 3 0 0 1 2 0 1 2 2 3
A007090_a2 2 64 0 1 0 1 0 1 0 1 0 1 0 1 0 1 0 1 0 1 0 1 0 1 0 1 0 1 0 1 0 1 0 1 0 1 0 1 0 1 0 1 0 1 0 1 0 1 0 1 0 1 0 1 0 1 0 1 0 1 0 1 0 1 0 1
A007090_a3 3 64 0 1 2 0 1 2 0 1 2 0 1 2 0 1 2 0 1 2 0 1 2 0 1 2 0 1 2 0 1 2 0 1 2 0 1 2 0 1 2 0 1 2 0 1 2 0 1 2 0 1 2 0 1 2 0 1 2 0 1 2 0 1 2 0
A007090_a4 4 64 0 1 2 3 2 3 0 1 0 1 2 3 2 3 0 1 0 1 2 3 2 3 0 1 0 1 2 3 2 3 0 1 0 1 2 3 2 3 0 1 0 1 2 3 2 3 0 1 0 1 2 3 2 3 0 1 0 1 2 3 2 3 0 1
A007091_a2 2 66 0 1 0 1 0 0 1 0 1 0 0 1 0 1 0 0 1 0 1 0 0 1 0 1 0 0 1 0 1 0 0 1 0 1 0 0 1 0 1 0 0 1 0 1 0 0 1 0 1 0 0 1 0 1 0 0 1 0 1 0 0 1 0 1 0 0
A007091_a3 3 66 0 1 2 0 1 1 2 0 1 2 2 0 1 2 0 0 1 2 0 1 1 2 0 1 2 1 2 0 1 2 2 0 1 2 0 0 1 2 0 1 1 2 0 1 2 2 0 1 2 0 2 0 1 2 0 0 1 2 0 1 1 2 0 1 2 2
A007091_a4 4 66 0 1 2 3 0 2 3 0 1 2 0 1 2 3 0 2 3 0 1 2 0 1 2 3 0 0 1 2 3 0 2 3 0 1 2 0 1 2 3 0 2 3 0 1 2 0 1 2 3 0 0 1 2 3 0 2 3 0 1 2 0 1 2 3 0 2
A007092_a2 2 66 0 1 0 1 0 1 0 1 0 1 0 1 0 1 0 1 0 1 0 1 0 1 0 1 0 1 0 1 0 1 0 1 0 1 0 1 0 1 0 1 0 1 0 1 0 1 0 1 0 1 0 1 0 1 0 1 0 1 0 1 0 1 0 1 0 1
A007092_a3 3 66 0 1 2 0 1 2 1 2 0 1 2 0 2 0 1 2 0 1 0 1 2 0 1 2 1 2 0 1 2 0 2 0 1 2 0 1 1 2 0 1 2 0 2 0 1 2 0 1 0 1 2 0 1 2 1 2 0 1 2 0 2 0 1 2 0 1
A007092_a4 4 66 0 1 2 3 0 1 2 3 0 1 2 3 0 1 2 3 0 1 2 3 0 1 2 3 0 1 2 3 0 1 2 3 0 1 2 3 0 1 2 3 0 1 2 3 0 1 2 3 0 1 2 3 0 1 2 3 0 1 2 3 0 1 2 3 0 1
A007093_a2 2 64 0 1 0 1 0 1 0 0 1 0 1 0 1 0 0 1 0 1 0 1 0 0 1 0 1 0 1 0 0 1 0 1 0 1 0 0 1 0 1 0 1 0 0 1 0 1 0 1 0 0 1 0 1 0 1 0 0 1 0 1 0 1 0 0
A007093_a3 3 64 0 1 2 0 1 2 0 1 2 0 1 2 0 1 2 0 1 2 0 1 2 0 1 2 0 1 2 0 1 2 0 1 2 0 1 2 0 1 2 0 1 2 0 1 2 0 1 2 0 1 2 0 1 2 0 1 2 0 1 2 0 1 2 0
A007093_a4 4 64 0 1 2 3 0 1 2 2 3 0 1 2 3 0 0 1 2 3 0 1 2 2 3 0 1 2 3 0 0 1 2 3 0 1 2 2 3 0 1 2 3 0 0 1 2 3 0 1 2 0 1 2 3 0 1 2 2 3 0 1 2 3 0 0
A007094_a2 2 74 0 1 0 1 0 1 0 1 0 1 0 1 0 1 0 1 0 1 0 1 0 1 0 1 0 1 0 1 0 1 0 1 0 1 0 1 0 1 0 1 0 1 0 1 0 1 0 1 0 1 0 1 0 1 0 1 0 1 0 1 0 1 0 1 0 1 0 1 0 1 0 1 0 1
A007094_a3 3 74 0 1 2 0 1 2 0 1 1 2 0 1 2 0 1 2 2 0 1 2 0 1 2 0 0 1 2 0 1 2 0 1 1 2 0 1 2 0 1 2 2 0 1 2 0 1 2 0 0 1 2 0 1 2 0 1 1 2 0 1 2 0 1 2 1 2 0 1 2 0 1 2 2 0
A007094_a4 4 74 0 1 2 3 0 1 2 3 2 3 0 1 2 3 0 1 0 1 2 3 0 1 2 3 2 3 0 1 2 3 0 1 0 1 2 3 0 1 2 3 2 3 0 1 2 3 0 1 0 1 2 3 0 1 2 3 2 3 0 1 2 3 0 1 0 1 2 3 0 1 2 3 2 3
A007095_a2 2 77 0 1 0 1 0 1 0 1 0 0 1 0 1 0 1 0 1 0 0 1 0 1 0 1 0 1 0 0 1 0 1 0 1 0 1 0 0 1 0 1 0 1 0 1 0 0 1 0 1 0 1 0 1 0 0 1 0 1 0 1 0 1 0 0 1 0 1 0 1 0 1 0 0 1 0 1 0
A007095_a3 3 77 0 1 2 0 1 2 0 1 2 1 2 0 1 2 0 1 2 0 2 0 1 2 0 1 2 0 1 0 1 2 0 1 2 0 1 2 1 2 0 1 2 0 1 2 0 2 0 1 2 0 1 2 0 1 0 1 2 0 1 2 0 1 2 1 2 0 1 2 0 1 2 0 2 0 1 2 0
A007095_a4 4 77 0 1 2 3 0 1 2 3 0 2 3 0 1 2 3 0 1 2 0 1 2 3 0 1 2 3 0 2 3 0 1 2 3 0 1 2 0 1 2 3 0 1 2 3 0 2 3 0 1 2 3 0 1 2 0 1 2 3 0 1 2 3 0 2 3 0 1 2 3 0 1 2 0 1 2 3 0
A007376_a2 2 106 0 1 0 1 0 1 0 1 0 1 1 0 1 1 1 0 1 1 1 0 1 1 1 0 1 1 1 0 1 1 0 0 0 1 0 0 0 1 0 0 0 1 0 0 0 1 0 0 0 1 1 0 1 1 1 0 1 1 1 0 1 1 1 0 1 1 1 0 1 1 0 0 0 1 0 0 0 1 0 0 0 1 0 0 0 1 0 0 0 1 1 0 1 1 1 0 1 1 1 0 1 1 1 0 1 1
A007376_a3 3 106 0 1 2 0 1 2 0 1 2 0 1 0 1 1 1 2 1 0 1 1 1 2 1 0 1 1 1 2 1 0 2 0 2 1 2 2 2 0 2 1 2 2 2 0 2 1 2 2 2 0 0 0 0 1 0 2 0 0 0 1 0 2 0 0 0 1 0 2 0 0 1 0 1 1 1 2 1 0 1 1 1 2 1 0 1 1 1 2 1 0 2 0 2 1 2 2 2 0 2 1 2 2 2 0 2 1
A007376_a4 4 106 0 1 2 3 0 1 2 3 0 1 1 0 1 1 1 2 1 3 1 0 1 1 1 2 1 3 1 0 1 1 2 0 2 1 2 2 2 3 2 0 2 1 2 2 2 3 2 0 2 1 3 0 3 1 3 2 3 3 3 0 3 1 3 2 3 3 3 0 3 1 0 0 0 1 0 2 0 3 0 0 0 1 0 2 0 3 0 0 0 1 1 0 1 1 1 2 1 3 1 0 1 1 1 2 1 3
A007377_a2 2 36 0 1 0 1 0 1 0 1 0 1 1 0 1 0 0 1 0 1 1 0 1 0 1 0 1 0 1 1 1 1 1 0 0 1 1 0
A007377_a3 3 36 0 1 2 0 1 2 0 1 2 0 1 2 0 1 0 1 0 1 0 1 1 2 0 1 2 0 1 0 1 0 1 0 1 2 0 2
A007377_a4 4 36 0 1 2 3 0 1 2 3 0 1 1 2 3 0 2 3 0 1 3 0 3 0 1 2 3 0 1 3 1 3 3 0 0 1 1 2
A007500_a2 2 58 0 1 1 1 1 1 1 1 1 1 1 1 1 1 1 1 1 1 1 1 1 1 1 1 1 1 1 1 1 1 1 1 1 1 1 1 1 1 1 1 1 1 1 1 1 1 1 1 1 1 1 1 1 1 1 1 1 1
A007500_a3 3 58 2 0 2 1 2 1 2 1 1 2 1 1 1 2 2 2 2 2 1 1 2 2 1 2 1 2 1 1 2 2 2 1 2 2 2 1 1 1 1 2 1 1 2 1 1 2 1 1 2 1 2 2 1 2 2 1 1 1
A007500_a4 4 58 2 3 1 3 3 1 1 3 1 3 1 3 1 1 3 1 3 1 3 1 3 3 1 3 3 3 1 1 3 1 3 1 3 1 1 1 3 1 3 3 3 1 1 1 3 1 3 3 1 1 1 1 3 3 3 3 1 1
A007602_a2 2 53 1 0 1 0 1 0 1 0 1 1 0 1 0 0 1 0 1 0 0 1 0 1 0 0 0 0 1 0 0 0 0 0 1 0 1 0 1 1 0 1 0 0 1 0 0 1 0 0 0 1 1 0 0
A007602_a3 3 53 1 2 0 1 2 0 1 2 0 2 0 0 0 0 0 1 1 2 0 0 0 1 2 0 2 0 0 0 0 0 0 0 0 0 1 2 0 2 0 0 0 2 0 0 0 0 0 0 0 0 2 0 2
A007602_a4 4 53 1 2 3 0 1 2 3 0 1 3 0 3 0 0 3 0 3 0 0 3 0 3 0 0 0 0 3 0 0 0 0 0 3 0 3 0 1 3 0 3 0 0 1 0 0 3 0 0 0 3 3 0 0
A007605_a2 2 79 0 1 1 1 0 0 0 0 1 1 0 0 1 1 1 0 0 1 1 0 0 0 1 1 0 0 0 0 0 1 0 1 1 1 0 1 1 0 0 1 1 0 1 1 1 1 0 1 1 1 0 0 1 0 0 1 1 0 0 1 1 0 0 1 1 1 1 1 0 0 1 1 0 1 1 0 0 1 1
A007605_a3 3 79 2 0 2 1 2 1 2 1 2 2 1 1 2 1 2 2 2 1 1 2 1 1 2 2 1 2 1 2 1 2 1 2 2 1 2 1 1 1 2 2 2 1 2 1 2 1 1 1 2 1 2 2 1 2 2 2 2 1 1 2 1 2 1 2 1 2 1 1 2 1 2 2 1 1 1 2 2 1 2
A007605_a4 4 79 2 3 1 3 2 0 0 2 1 3 0 2 1 3 3 0 2 3 1 0 2 0 3 1 0 2 0 0 2 1 2 1 3 1 2 3 1 2 2 3 1 2 3 1 1 3 0 3 3 1 0 2 3 0 2 3 1 2 0 3 1 2 2 1 3 3 3 1 2 0 3 1 0 1 3 2 0 3 1
A007623_a2 2 51 0 1 0 1 0 1 0 1 0 1 0 1 0 1 0 1 0 1 0 1 0 1 0 1 0 1 0 1 0 1 0 1 0 1 0 1 0 1 0 1 0 1 0 1 0 1 0 1 0 1 0
A007623_a3 3 51 0 1 1 2 2 0 1 2 2 0 0 1 2 0 0 1 1 2 0 1 1 2 2 0 1 2 2 0 0 1 2 0 0 1 1 2 0 1 1 2 2 0 1 2 2 0 0 1 2 0 0
A007623_a4 4 51 0 1 2 3 0 1 0 1 2 3 0 1 0 1 2 3 0 1 0 1 2 3 0 1 0 1 2 3 0 1 0 1 2 3 0 1 0 1 2 3 0 1 0 1 2 3 0 1 0 1 2
A007629_a2 2 39 0 1 0 1 1 1 1 0 0 1 0 0 0 0 1 1 1 1 1 0 0 0 1 1 0 0 0 0 0 0 0 1 0 1 1 1 1 1 1
A007629_a3 3 39 2 1 1 2 1 0 2 1 0 1 0 0 0 0 2 0 1 2 1 1 2 1 1 0 2 1 1 2 2 0 0 0 2 1 1 2 0 0 1
A007629_a4 4 39 2 3 0 3 1 3 1 2 0 1 0 0 0 0 1 3 1 3 1 0 0 2 3 1 0 2 0 2 0 2 0 3 0 1 3 1 3 3 3
A007632_a2 2 33 0 1 1 1 1 1 1 1 1 1 1 1 1 1 1 1 1 1 1 1 1 1 1 1 1 1 1 1 1 1 1 1 1
A007632_a3 3 33 0 1 0 2 1 0 0 0 1 0 0 1 0 0 0 0 0 0 0 0 1 0 1 0 1 0 2 0 0 0 0 1 0
A007632_a4 4 33 0 1 3 1 3 1 1 3 1 1 1 3 1 3 3 1 3 3 1 1 3 3 3 1 1 1 1 3 1 3 3 1 3
A007652_a2 2 105 0 1 1 1 1 1 1 1 1 1 1 1 1 1 1 1 1 1 1 1 1 1 1 1 1 1 1 1 1 1 1 1 1 1 1 1 1 1 1 1 1 1 1 1 1 1 1 1 1 1 1 1 1 1 1 1 1 1 1 1 1 1 1 1 1 1 1 1 1 1 1 1 1 1 1 1 1 1 1 1 1 1 1 1 1 1 1 1 1 1 1 1 1 1 1 1 1 1 1 1 1 1 1 1 1
A007652_a3 3 105 2 0 2 1 1 0 1 0 0 0 1 1 1 0 1 0 0 1 1 1 0 0 0 0 1 1 0 1 0 0 1 1 1 0 0 1 1 0 1 0 0 1 1 0 1 0 1 0 1 0 0 0 1 1 1 0 0 1 1 1 0 0 1 1 0 1 1 1 1 0 0 0 1 0 0 0 0 1 1 0 0 1 1 0 0 0 0 1 1 0 1 0 1 1 0 0 0 1 0 1 1 1 0 0 1
A007652_a4 4 105 2 3 1 3 1 3 3 1 3 1 1 3 1 3 3 3 1 1 3 1 3 1 3 1 3 1 3 3 1 3 3 1 3 1 1 1 3 3 3 3 1 1 1 3 3 1 1 3 3 1 3 1 1 1 3 3 1 1 3 1 3 3 3 1 3 3 1 3 3 1 3 1 3 3 1 3 1 3 1 1 1 1 1 3 1 3 1 3 1 3 3 1 3 1 1 3 1 1 3 1 3 3 3 1 1
A007770_a2 2 54 1 1 0 1 1 1 0 1 0 0 1 0 0 1 0 0 1 0 1 0 1 1 1 0 1 1 1 0 0 0 0 1 1 0 1 0 0 0 1 0 1 0 1 1 1 0 0 1 1 0 0 1 1 0
A007770_a3 3 54 1 1 1 1 1 2 1 1 2 2 1 2 1 1 1 2 1 1 1 1 1 1 0 1 1 1 2 2 2 1 0 1 2 1 0 1 2 2 2 1 2 1 0 2 1 2 1 1 1 2 2 2 1 2
A007770_a4 4 54 1 3 2 1 3 3 0 3 0 0 1 0 2 3 2 2 3 2 1 0 3 1 1 2 1 3 3 0 0 2 0 1 3 0 3 2 2 0 3 2 3 0 3 1 1 2 2 1 3 0 2 1 3 2
A007931_a2 2 45 1 0 1 0 1 0 1 0 1 0 1 0 1 0 1 0 1 0 1 0 1 0 1 0 1 0 1 0 1 0 1 0 1 0 1 0 1 0 1 0 1 0 1 0 1
A007931_a3 3 45 1 2 2 0 0 1 0 1 1 2 1 2 2 0 1 2 2 0 2 0 0 1 2 0 0 1 0 1 1 2 2 0 0 1 0 1 1 2 0 1 1 2 1 2 2
A007931_a4 4 45 1 2 3 0 1 2 3 0 1 2 3 0 1 2 3 0 1 2 3 0 1 2 3 0 1 2 3 0 1 2 3 0 1 2 3 0 1 2 3 0 1 2 3 0 1
A007953_a2 2 88 0 1 0 1 0 1 0 1 0 1 1 0 1 0 1 0 1 0 1 0 0 1 0 1 0 1 0 1 0 1 1 0 1 0 1 0 1 0 1 0 0 1 0 1 0 1 0 1 0 1 1 0 1 0 1 0 1 0 1 0 0 1 0 1 0 1 0 1 0 1 1 0 1 0 1 0 1 0 1 0 0 1 0 1 0 1 0 1
A007953_a3 3 88 0 1 2 0 1 2 0 1 2 0 1 2 0 1 2 0 1 2 0 1 2 0 1 2 0 1 2 0 1 2 0 1 2 0 1 2 0 1 2 0 1 2 0 1 2 0 1 2 0 1 2 0 1 2 0 1 2 0 1 2 0 1 2 0 1 2 0 1 2 0 1 2 0 1 2 0 1 2 0 1 2 0 1 2 0 1 2 0
A007953_a4 4 88 0 1 2 3 0 1 2 3 0 1 1 2 3 0 1 2 3 0 1 2 2 3 0 1 2 3 0 1 2 3 3 0 1 2 3 0 1 2 3 0 0 1 2 3 0 1 2 3 0 1 1 2 3 0 1 2 3 0 1 2 2 3 0 1 2 3 0 1 2 3 3 0 1 2 3 0 1 2 3 0 0 1 2 3 0 1 2 3
A007954_a2 2 108 0 1 0 1 0 1 0 1 0 1 0 1 0 1 0 1 0 1 0 1 0 0 0 0 0 0 0 0 0 0 0 1 0 1 0 1 0 1 0 1 0 0 0 0 0 0 0 0 0 0 0 1 0 1 0 1 0 1 0 1 0 0 0 0 0 0 0 0 0 0 0 1 0 1 0 1 0 1 0 1 0 0 0 0 0 0 0 0 0 0 0 1 0 1 0 1 0 1 0 1 0 0 0 0 0 0 0 0
A007954_a3 3 108 0 1 2 0 1 2 0 1 2 0 0 1 2 0 1 2 0 1 2 0 0 2 1 0 2 1 0 2 1 0 0 0 0 0 0 0 0 0 0 0 0 1 2 0 1 2 0 1 2 0 0 2 1 0 2 1 0 2 1 0 0 0 0 0 0 0 0 0 0 0 0 1 2 0 1 2 0 1 2 0 0 2 1 0 2 1 0 2 1 0 0 0 0 0 0 0 0 0 0 0 0 0 0 0 0 0 0 0
A007954_a4 4 108 0 1 2 3 0 1 2 3 0 1 0 1 2 3 0 1 2 3 0 1 0 2 0 2 0 2 0 2 0 2 0 3 2 1 0 3 2 1 0 3 0 0 0 0 0 0 0 0 0 0 0 1 2 3 0 1 2 3 0 1 0 2 0 2 0 2 0 2 0 2 0 3 2 1 0 3 2 1 0 3 0 0 0 0 0 0 0 0 0 0 0 1 2 3 0 1 2 3 0 1 0 0 0 0 0 0 0 0
A009994_a2 2 65 0 1 0 1 0 1 0 1 0 1 1 0 1 0 1 0 1 0 1 0 1 0 1 0 1 0 1 1 0 1 0 1 0 1 0 1 0 1 0 1 1 0 1 0 1 0 1 0 1 1 0 1 0 1 1 1 0 1 0 1 0 1 0 1 0
A009994_a3 3 65 0 1 2 0 1 2 0 1 2 0 2 0 1 2 0 1 2 0 1 1 2 0 1 2 0 1 2 0 1 2 0 1 2 0 2 0 1 2 0 1 1 2 0 1 2 0 1 2 0 2 0 1 1 2 0 0 1 2 0 1 2 0 1 2 2
A009994_a4 4 65 0 1 2 3 0 1 2 3 0 1 3 0 1 2 3 0 1 2 3 2 3 0 1 2 3 0 1 1 2 3 0 1 2 3 0 1 2 3 0 1 3 0 1 2 3 2 3 0 1 1 2 3 0 1 3 3 0 1 2 3 0 1 2 3 2
A010785_a2 2 52 0 1 0 1 0 1 0 1 0 1 1 0 1 0 1 0 1 0 1 1 0 1 0 1 0 1 0 1 1 0 1 0 1 0 1 0 1 1 0 1 0 1 0 1 0 1 1 0 1 0 1 0
A010785_a3 3 52 0 1 2 0 1 2 0 1 2 0 2 1 0 2 1 0 2 1 0 0 0 0 0 0 0 0 0 0 1 2 0 1 2 0 1 2 0 2 1 0 2 1 0 2 1 0 0 0 0 0 0 0
A010785_a4 4 52 0 1 2 3 0 1 2 3 0 1 3 2 1 0 3 2 1 0 3 3 2 1 0 3 2 1 0 3 3 2 1 0 3 2 1 0 3 3 2 1 0 3 2 1 0 3 3 2 1 0 3 2
A010879_a2 2 81 0 1 0 1 0 1 0 1 0 1 0 1 0 1 0 1 0 1 0 1 0 1 0 1 0 1 0 1 0 1 0 1 0 1 0 1 0 1 0 1 0 1 0 1 0 1 0 1 0 1 0 1 0 1 0 1 0 1 0 1 0 1 0 1 0 1 0 1 0 1 0 1 0 1 0 1 0 1 0 1 0
A010879_a3 3 81 0 1 2 0 1 2 0 1 2 0 0 1 2 0 1 2 0 1 2 0 0 1 2 0 1 2 0 1 2 0 0 1 2 0 1 2 0 1 2 0 0 1 2 0 1 2 0 1 2 0 0 1 2 0 1 2 0 1 2 0 0 1 2 0 1 2 0 1 2 0 0 1 2 0 1 2 0 1 2 0 0
A010879_a4 4 81 0 1 2 3 0 1 2 3 0 1 0 1 2 3 0 1 2 3 0 1 0 1 2 3 0 1 2 3 0 1 0 1 2 3 0 1 2 3 0 1 0 1 2 3 0 1 2 3 0 1 0 1 2 3 0 1 2 3 0 1 0 1 2 3 0 1 2 3 0 1 0 1 2 3 0 1 2 3 0 1 0
A010888_a2 2 105 0 1 0 1 0 1 0 1 0 1 1 0 1 0 1 0 1 0 1 1 0 1 0 1 0 1 0 1 1 0 1 0 1 0 1 0 1 1 0 1 0 1 0 1 0 1 1 0 1 0 1 0 1 0 1 1 0 1 0 1 0 1 0 1 1 0 1 0 1 0 1 0 1 1 0 1 0 1 0 1 0 1 1 0 1 0 1 0 1 0 1 1 0 1 0 1 0 1 0 1 1 0 1 0 1
A010888_a3 3 105 0 1 2 0 1 2 0 1 2 0 1 2 0 1 2 0 1 2 0 1 2 0 1 2 0 1 2 0 1 2 0 1 2 0 1 2 0 1 2 0 1 2 0 1 2 0 1 2 0 1 2 0 1 2 0 1 2 0 1 2 0 1 2 0 1 2 0 1 2 0 1 2 0 1 2 0 1 2 0 1 2 0 1 2 0 1 2 0 1 2 0 1 2 0 1 2 0 1 2 0 1 2 0 1 2
A010888_a4 4 105 0 1 2 3 0 1 2 3 0 1 1 2 3 0 1 2 3 0 1 1 2 3 0 1 2 3 0 1 1 2 3 0 1 2 3 0 1 1 2 3 0 1 2 3 0 1 1 2 3 0 1 2 3 0 1 1 2 3 0 1 2 3 0 1 1 2 3 0 1 2 3 0 1 1 2 3 0 1 2 3 0 1 1 2 3 0 1 2 3 0 1 1 2 3 0 1 2 3 0 1 1 2 3 0 1
A011531_a2 2 53 1 0 1 0 1 0 1 0 1 0 1 1 1 1 1 1 1 1 1 0 1 0 1 0 1 0 1 0 1 0 1 0 1 0 1 0 1 0 1 0 1 0 1 0 1 0 1 0 1 0 1 0 1
A011531_a3 3 53 1 1 2 0 1 2 0 1 2 0 1 0 1 2 0 1 2 0 1 1 2 0 1 2 0 1 2 0 1 2 0 1 2 0 1 2 0 1 2 0 1 2 0 1 2 0 1 2 0 1 2 0 1
A011531_a4 4 53 1 2 3 0 1 2 3 0 1 2 3 1 3 1 3 1 3 1 3 0 1 2 3 0 1 2 3 0 1 2 3 0 1 2 3 0 1 2 3 0 1 2 3 0 1 2 3 0 1 2 3 0 1
A011539_a2 2 56 1 1 1 1 1 1 1 1 1 0 1 0 1 0 1 0 1 0 1 1 1 1 1 1 1 1 1 1 0 1 0 1 0 1 0 1 0 1 1 1 1 1 1 1 1 1 1 0 1 0 1 0 1 0 1 0
A011539_a3 3 56 0 1 2 0 1 2 0 1 2 0 1 2 0 1 2 0 1 2 0 1 2 0 1 2 0 1 2 0 1 2 0 1 2 0 1 2 0 1 2 0 1 2 0 1 2 0 1 2 0 1 2 0 1 2 0 1
A011539_a4 4 56 1 3 1 3 1 3 1 3 1 2 3 0 1 2 3 0 1 2 3 1 3 1 3 1 3 1 3 1 2 3 0 1 2 3 0 1 2 3 1 3 1 3 1 3 1 3 1 2 3 0 1 2 3 0 1 2
A011540_a2 2 51 0 0 0 0 0 0 0 0 0 0 0 1 0 1 0 1 0 1 0 1 0 0 0 0 0 0 0 0 0 0 1 0 1 0 1 0 1 0 1 0 0 0 0 0 0 0 0 0 0 1 0
A011540_a3 3 51 0 1 2 0 1 2 0 1 2 0 1 2 0 1 2 0 1 2 0 1 2 0 1 2 0 1 2 0 1 2 0 1 2 0 1 2 0 1 2 0 1 2 0 1 2 0 1 2 0 1 2
A011540_a4 4 51 0 2 0 2 0 2 0 2 0 2 0 1 2 3 0 1 2 3 0 1 2 0 2 0 2 0 2 0 2 0 1 2 3 0 1 2 3 0 1 2 0 2 0 2 0 2 0 2 0 1 2
A014190_a2 2 55 0 1 0 0 0 0 1 0 0 1 0 0 0 0 0 0 0 0 1 0 0 1 0 0 1 0 0 1 0 0 1 0 0 1 0 0 0 0 0 0 0 0 0 0 0 0 0 0 0 0 0 0 0 0 1
A014190_a3 3 55 0 1 2 1 2 1 1 1 2 2 2 1 1 1 2 2 2 1 1 1 1 1 1 1 1 1 2 2 2 2 2 2 2 2 2 1 1 1 1 1 1 1 1 1 2 2 2 2 2 2 2 2 2 1 1
A014190_a4 4 55 0 1 2 0 0 2 1 0 0 3 2 0 0 0 0 0 0 2 3 0 0 1 2 2 3 0 0 1 2 2 3 0 0 1 2 0 0 0 0 0 0 0 0 0 0 0 0 0 0 0 0 0 0 2 1
A014261_a2 2 60 1 1 1 1 1 1 1 1 1 1 1 1 1 1 1 1 1 1 1 1 1 1 1 1 1 1 1 1 1 1 1 1 1 1 1 1 1 1 1 1 1 1 1 1 1 1 1 1 1 1 1 1 1 1 1 1 1 1 1 1
A014261_a3 3 60 1 0 2 1 0 2 1 0 2 1 1 0 2 1 0 0 2 1 0 2 2 1 0 2 1 1 0 2 1 0 0 2 1 0 2 2 1 0 2 1 1 0 2 1 0 0 2 1 0 2 2 1 0 2 1 2 1 0 2 1
A014261_a4 4 60 1 3 1 3 1 3 1 3 1 3 3 1 3 1 3 3 1 3 1 3 3 1 3 1 3 3 1 3 1 3 3 1 3 1 3 3 1 3 1 3 3 1 3 1 3 3 1 3 1 3 3 1 3 1 3 3 1 3 1 3
A014263_a2 2 58 0 0 0 0 0 0 0 0 0 0 0 0 0 0 0 0 0 0 0 0 0 0 0 0 0 0 0 0 0 0 0 0 0 0 0 0 0 0 0 0 0 0 0 0 0 0 0 0 0 0 0 0 0 0 0 0 0 0
A014263_a3 3 58 0 2 1 0 2 2 1 0 2 1 1 0 2 1 0 0 2 1 0 2 2 1 0 2 1 2 1 0 2 1 1 0 2 1 0 0 2 1 0 2 2 1 0 2 1 1 0 2 1 0 1 0 2 1 0 0 2 1
A014263_a4 4 58 0 2 0 2 0 0 2 0 2 0 0 2 0 2 0 0 2 0 2 0 0 2 0 2 0 0 2 0 2 0 0 2 0 2 0 0 2 0 2 0 0 2 0 2 0 0 2 0 2 0 0 2 0 2 0 0 2 0
A014311_a2 2 71 1 1 1 0 1 1 0 1 0 0 1 1 0 1 0 0 1 0 0 0 1 1 0 1 0 0 1 0 0 0 1 0 0 0 0 1 1 0 1 0 0 1 0 0 0 1 0 0 0 0 1 0 0 0 0 0 1 1 0 1 0 0 1 0 0 0 1 0 0 0 0
A014311_a3 3 71 1 2 1 2 1 0 1 1 2 1 2 1 2 2 0 2 1 2 1 2 1 0 1 1 2 1 0 1 0 1 1 2 1 2 1 2 1 2 2 0 2 1 2 1 2 2 0 2 0 2 1 2 1 2 1 2 1 0 1 1 2 1 0 1 0 1 1 2 1 2 1
A014311_a4 4 71 3 3 1 2 3 1 2 1 2 0 3 1 2 1 2 0 1 2 0 0 3 1 2 1 2 0 1 2 0 0 1 2 0 0 0 3 1 2 1 2 0 1 2 0 0 1 2 0 0 0 1 2 0 0 0 0 3 1 2 1 2 0 1 2 0 0 1 2 0 0 0
A014417_a2 2 34 0 1 0 0 1 0 1 0 0 1 0 0 1 0 1 0 0 1 0 1 0 0 1 0 0 1 0 1 0 0 1 0 0 1
A014417_a3 3 34 0 1 1 1 2 1 2 2 1 2 2 2 0 1 2 2 2 0 2 0 0 1 2 2 2 0 2 0 0 2 0 0 0 1
A014417_a4 4 34 0 1 2 0 1 0 1 2 0 1 2 0 1 0 1 2 0 1 0 1 2 0 1 2 0 1 0 1 2 0 1 2 0 1
A014486_a2 2 54 0 0 0 0 0 0 0 0 0 0 0 0 0 0 0 0 0 0 0 0 0 0 0 0 0 0 0 0 0 0 0 0 0 0 0 0 0 0 0 0 0 0 0 0 0 0 0 0 0 0 0 0 0 0
A014486_a3 3 54 0 2 1 0 0 2 2 1 2 2 1 1 0 1 1 0 0 2 0 1 0 1 0 1 0 0 2 0 0 2 2 1 2 0 2 0 2 0 2 2 1 2 2 1 1 0 1 2 1 2 1 0 2 2
A014486_a4 4 54 0 2 2 0 2 0 2 0 0 2 0 2 0 0 2 0 2 0 0 2 0 0 0 2 0 2 0 0 2 0 2 0 0 2 0 0 0 2 0 2 0 0 2 0 2 0 0 2 0 0 0 2 0 2
A014499_a2 2 99 1 0 0 1 1 1 0 1 0 0 1 1 1 0 1 0 1 1 1 0 1 1 0 0 1 0 1 1 1 0 1 1 1 0 0 1 1 0 1 1 1 1 1 1 0 1 1 1 1 1 1 1 1 1 0 0 0 1 0 0 1 0 1 0 1 0 1 0 0 0 0 0 1 0 1 0 0 1 0 1 1 1 1 1 1 1 0 1 0 1 0 0 1 1 1 0 0 1 0
A014499_a3 3 99 1 2 2 0 0 0 2 0 1 1 2 0 0 1 2 1 2 2 0 1 0 2 1 1 0 1 2 2 2 1 1 0 0 1 1 2 2 1 2 2 2 2 1 0 1 2 2 1 2 2 2 1 2 1 2 1 1 2 1 1 2 1 2 0 2 0 2 1 0 0 1 0 1 0 1 2 1 2 1 2 2 2 1 2 1 1 1 2 0 1 0 2 1 1 1 2 2 0 1
A014499_a4 4 99 1 2 2 3 3 3 2 3 0 0 1 3 3 0 1 0 1 1 3 0 3 1 0 0 3 0 1 1 1 0 3 3 3 0 0 1 1 0 1 1 1 1 3 3 0 1 1 3 1 1 1 3 1 3 2 0 0 1 0 0 1 0 1 2 1 2 1 0 2 2 0 2 3 2 3 0 0 1 0 1 1 1 3 1 3 3 0 1 2 3 2 0 3 3 3 0 0 3 0
A019546_a2 2 48 0 1 1 1 1 1 1 1 1 1 1 1 1 1 1 1 1 1 1 1 1 1 1 1 1 1 1 1 1 1 1 1 1 1 1 1 1 1 1 1 1 1 1 1 1 1 1 1
A019546_a3 3 48 2 0 2 1 2 1 2 1 1 2 2 2 1 1 2 1 1 2 1 1 1 1 2 2 2 2 2 1 1 2 2 1 2 2 1 2 2 2 1 1 1 1 2 2 1 2 1 1
A019546_a4 4 48 2 3 1 3 3 1 1 1 3 3 1 1 1 1 1 1 3 1 1 3 1 1 1 1 1 1 1 1 1 1 1 1 1 3 1 3 1 1 3 1 3 1 1 1 3 1 3 1
A020338_a2 2 46 1 0 1 0 1 0 1 0 1 0 1 0 1 0 1 0 1 0 1 0 1 0 1 0 1 0 1 0 1 0 1 0 1 0 1 0 1 0 1 0 1 0 1 0 1 0
A020338_a3 3 46 2 1 0 2 1 0 2 1 0 2 1 0 2 1 0 2 1 0 2 1 0 2 1 0 2 1 0 2 1 0 2 1 0 2 1 0 2 1 0 2 1 0 2 1 0 2
A020338_a4 4 46 3 2 1 0 3 2 1 0 3 2 3 0 1 2 3 0 1 2 3 0 1 2 3 0 1 2 3 0 1 2 3 0 1 2 3 0 1 2 3 0 1 2 3 0 1 2
A020449_a2 2 27 1 1 1 1 1 1 1 1 1 1 1 1 1 1 1 1 1 1 1 1 1 1 1 1 1 1 1
A020449_a3 3 27 2 2 1 2 1 1 1 2 1 2 2 2 2 2 1 1 2 2 1 2 2 1 1 2 2 2 1
A020449_a4 4 27 3 1 3 3 1 1 1 1 3 1 3 1 3 1 3 1 3 1 1 3 3 3 3 3 1 1 3
A023108_a2 2 45 0 1 0 1 0 1 1 0 0 1 1 0 0 1 1 1 1 1 1 1 1 1 1 1 1 1 0 0 0 0 0 0 0 0 0 0 0 0 0 1 1 1 1 1 1
A023108_a3 3 45 1 1 1 1 1 2 1 2 1 0 2 0 2 1 0 1 0 1 0 1 0 1 0 1 0 2 1 0 1 0 1 0 1 0 1 0 1 0 2 1 0 1 0 1 0
A023108_a4 4 45 0 3 2 1 0 1 3 0 2 3 3 2 2 3 1 1 3 3 1 1 3 3 1 1 3 1 2 0 0 2 2 0 0 2 2 0 0 2 0 1 3 3 1 1 3
A023416_a2 2 105 1 0 1 0 0 1 1 0 1 0 0 1 0 1 1 0 0 1 1 0 1 0 0 1 1 0 0 1 0 1 1 0 1 0 0 1 0 1 1 0 0 1 1 0 1 0 0 1 0 1 1 0 1 0 0 1 1 0 0 1 0 1 1 0 0 1 1 0 1 0 0 1 1 0 0 1 0 1 1 0 1 0 0 1 0 1 1 0 0 1 1 0 1 0 0 1 1 0 0 1 0 1 1 0 0
A023416_a3 3 105 1 0 1 0 2 1 1 0 0 2 2 1 2 1 1 0 1 0 0 2 0 2 2 1 0 2 2 1 2 1 1 0 2 1 1 0 1 0 0 2 1 0 0 2 0 2 2 1 1 0 0 2 0 2 2 1 0 2 2 1 2 1 1 0 0 2 2 1 2 1 1 0 2 1 1 0 1 0 0 2 2 1 1 0 1 0 0 2 1 0 0 2 0 2 2 1 2 1 1 0 1 0 0 2 1
A023416_a4 4 105 1 0 1 0 2 1 1 0 3 2 2 1 2 1 1 0 0 3 3 2 3 2 2 1 3 2 2 1 2 1 1 0 1 0 0 3 0 3 3 2 0 3 3 2 3 2 2 1 0 3 3 2 3 2 2 1 3 2 2 1 2 1 1 0 2 1 1 0 1 0 0 3 1 0 0 3 0 3 3 2 1 0 0 3 0 3 3 2 0 3 3 2 3 2 2 1 1 0 0 3 0 3 3 2 0
A027868_a2 2 81 0 0 0 0 0 1 1 1 1 1 0 0 0 0 0 1 1 1 1 1 0 0 0 0 0 0 0 0 0 0 1 1 1 1 1 0 0 0 0 0 1 1 1 1 1 0 0 0 0 0 0 0 0 0 0 1 1 1 1 1 0 0 0 0 0 1 1 1 1 1 0 0 0 0 0 0 0 0 0 0 1
A027868_a3 3 81 0 0 0 0 0 1 1 1 1 1 2 2 2 2 2 0 0 0 0 0 1 1 1 1 1 0 0 0 0 0 1 1 1 1 1 2 2 2 2 2 0 0 0 0 0 1 1 1 1 1 0 0 0 0 0 1 1 1 1 1 2 2 2 2 2 0 0 0 0 0 1 1 1 1 1 0 0 0 0 0 1
A027868_a4 4 81 0 0 0 0 0 1 1 1 1 1 2 2 2 2 2 3 3 3 3 3 0 0 0 0 0 2 2 2 2 2 3 3 3 3 3 0 0 0 0 0 1 1 1 1 1 2 2 2 2 2 0 0 0 0 0 1 1 1 1 1 2 2 2 2 2 3 3 3 3 3 0 0 0 0 0 2 2 2 2 2 3
A029447_a2 2 49 1 0 1 0 1 1 0 0 0 0 0 0 0 0 0 0 0 0 0 0 0 0 0 0 0 0 0 0 0 0 0 0 0 0 0 0 1 0 0 0 0 0 0 0 1 0 0 0 0
A029447_a3 3 49 1 2 0 1 2 1 2 1 2 2 2 1 1 1 0 2 0 0 0 1 2 1 1 2 1 1 2 2 0 0 0 2 1 2 0 1 0 1 0 2 0 0 1 2 0 1 2 2 1
A029447_a4 4 49 1 2 3 0 1 3 0 0 2 0 2 0 2 0 0 0 2 0 0 0 0 0 0 0 0 0 2 2 2 0 0 2 2 0 0 0 3 0 0 0 0 0 0 0 1 2 0 0 0
A029470_a2 2 49 1 1 1 1 1 1 1 1 0 1 1 0 0 1 1 1 1 1 1 1 0 1 1 1 1 0 1 1 1 0 0 1 1 0 1 1 0 1 1 1 0 0 1 1 1 1 0 1 1
A029470_a3 3 49 1 0 2 0 0 0 1 2 1 0 2 0 2 0 0 1 0 0 2 0 0 1 0 0 1 0 1 0 0 1 0 0 2 2 0 0 0 2 0 0 1 0 0 0 1 0 0 0 0
A029470_a4 4 49 1 3 1 1 3 1 1 3 0 3 1 0 0 1 3 1 3 1 3 1 0 1 1 3 3 0 3 1 3 0 0 3 1 0 3 1 0 1 3 1 0 0 1 1 3 1 0 1 3
A029494_a2 2 54 1 1 1 1 1 1 1 1 0 1 1 0 1 1 1 0 0 0 0 1 0 0 1 0 0 1 0 1 0 1 1 0 0 0 1 0 1 0 0 0 0 0 0 1 0 1 1 0 0 1 1 0 0 0
A029494_a3 3 54 1 0 0 0 0 2 2 0 2 2 2 0 2 2 2 0 2 0 0 2 1 0 0 2 0 0 0 1 0 1 0 1 2 2 2 2 0 0 0 0 0 0 0 0 0 1 0 2 0 1 0 0 0 0
A029494_a4 4 54 1 3 1 1 3 3 1 3 0 3 3 0 1 3 1 0 0 0 0 1 0 0 1 0 0 3 0 1 0 3 1 0 0 0 3 0 3 0 0 0 0 0 0 1 0 1 3 0 0 1 1 0 0 0
A029518_a2 2 41 1 1 1 1 1 1 1 1 0 0 1 0 0 1 0 0 1 0 1 0 0 0 1 1 0 0 0 0 0 1 0 1 0 0 0 1 1 0 0 0 1
A029518_a3 3 41 1 0 2 0 0 0 0 2 0 0 0 0 0 0 0 0 0 1 2 2 0 1 0 0 0 0 0 0 0 0 0 2 0 1 0 0 0 0 0 1 2
A029518_a4 4 41 1 3 1 1 3 1 3 3 0 0 3 0 0 1 0 0 1 0 3 0 0 0 1 1 0 0 0 0 0 3 0 3 0 0 0 1 3 0 0 0 1
A029542_a2 2 24 1 1 1 1 1 0 0 0 1 0 0 0 1 0 0 1 0 1 1 0 1 0 0 1
A029542_a3 3 24 1 0 0 0 0 0 0 1 1 1 0 0 2 0 2 0 0 0 1 0 1 1 1 0
A029542_a4 4 24 1 3 1 1 3 0 0 0 1 0 0 0 3 0 0 3 0 3 1 0 3 0 0 1
A029965_a2 2 36 0 1 0 1 0 1 0 1 0 1 0 1 0 1 0 0 0 0 0 0 1 0 1 1 1 1 1 1 0 0 0 0 1 1 1 1
A029965_a3 3 36 0 1 2 0 1 2 0 1 2 2 0 1 2 0 1 2 1 0 1 0 1 1 2 0 0 0 0 0 1 1 1 1 2 2 2 2
A029965_a4 4 36 0 1 2 3 0 1 2 3 0 3 2 1 0 3 2 0 2 0 0 0 1 2 3 3 3 1 1 1 2 2 2 2 1 1 1 1
A030101_a2 2 79 0 1 1 1 1 1 1 1 1 1 1 1 1 1 1 1 1 1 1 1 1 1 1 1 1 1 1 1 1 1 1 1 1 1 1 1 1 1 1 1 1 1 1 1 1 1 1 1 1 1 1 1 1 1 1 1 1 1 1 1 1 1 1 1 1 1 1 1 1 1 1 1 1 1 1 1 1 1 1
A030101_a3 3 79 0 1 1 0 1 2 0 1 1 0 2 1 0 2 1 0 1 2 0 1 2 0 1 2 0 1 2 0 1 2 0 1 1 0 2 1 0 2 1 0 2 1 0 2 1 0 2 1 0 2 1 0 2 1 0 2 1 0 2 1 0 2 1 0 1 2 0 1 2 0 1 2 0 1 2 0 1 2 0
A030101_a4 4 79 0 1 1 3 1 1 3 3 1 1 1 1 3 3 3 3 1 1 1 1 1 1 1 1 3 3 3 3 3 3 3 3 1 1 1 1 1 1 1 1 1 1 1 1 1 1 1 1 3 3 3 3 3 3 3 3 3 3 3 3 3 3 3 3 1 1 1 1 1 1 1 1 1 1 1 1 1 1 1
A030190_a2 2 105 0 1 1 0 1 1 1 0 0 1 0 1 1 1 0 1 1 1 1 0 0 0 1 0 0 1 1 0 1 0 1 0 1 1 1 1 0 0 1 1 0 1 1 1 1 0 1 1 1 1 1 0 0 0 0 1 0 0 0 1 1 0 0 1 0 1 0 0 1 1 1 0 1 0 0 1 0 1 0 1 1 0 1 1 0 1 0 1 1 1 1 1 0 0 0 1 1 0 0 1 1 1 0 1 0
A030190_a3 3 105 0 1 1 0 1 1 1 0 0 1 0 1 1 1 0 1 1 1 1 0 0 0 1 0 0 1 1 0 1 0 1 0 1 1 1 1 0 0 1 1 0 1 1 1 1 0 1 1 1 1 1 0 0 0 0 1 0 0 0 1 1 0 0 1 0 1 0 0 1 1 1 0 1 0 0 1 0 1 0 1 1 0 1 1 0 1 0 1 1 1 1 1 0 0 0 1 1 0 0 1 1 1 0 1 0
A030190_a4 4 105 0 1 1 0 1 1 1 0 0 1 0 1 1 1 0 1 1 1 1 0 0 0 1 0 0 1 1 0 1 0 1 0 1 1 1 1 0 0 1 1 0 1 1 1 1 0 1 1 1 1 1 0 0 0 0 1 0 0 0 1 1 0 0 1 0 1 0 0 1 1 1 0 1 0 0 1 0 1 0 1 1 0 1 1 0 1 0 1 1 1 1 1 0 0 0 1 1 0 0 1 1 1 0 1 0
A030302_a2 2 90 1 1 0 1 1 1 0 0 1 0 1 1 1 0 1 1 1 1 0 0 0 1 0 0 1 1 0 1 0 1 0 1 1 1 1 0 0 1 1 0 1 1 1 1 0 1 1 1 1 1 0 0 0 0 1 0 0 0 1 1 0 0 1 0 1 0 0 1 1 1 0 1 0 0 1 0 1 0 1 1 0 1 1 0 1 0 1 1 1 1
A030302_a3 3 90 1 1 0 1 1 1 0 0 1 0 1 1 1 0 1 1 1 1 0 0 0 1 0 0 1 1 0 1 0 1 0 1 1 1 1 0 0 1 1 0 1 1 1 1 0 1 1 1 1 1 0 0 0 0 1 0 0 0 1 1 0 0 1 0 1 0 0 1 1 1 0 1 0 0 1 0 1 0 1 1 0 1 1 0 1 0 1 1 1 1
A030302_a4 4 90 1 1 0 1 1 1 0 0 1 0 1 1 1 0 1 1 1 1 0 0 0 1 0 0 1 1 0 1 0 1 0 1 1 1 1 0 0 1 1 0 1 1 1 1 0 1 1 1 1 1 0 0 0 0 1 0 0 0 1 1 0 0 1 0 1 0 0 1 1 1 0 1 0 0 1 0 1 0 1 1 0 1 1 0 1 0 1 1 1 1
A030308_a2 2 90 0 1 0 1 1 1 0 0 1 1 0 1 0 1 1 1 1 1 0 0 0 1 1 0 0 1 0 1 0 1 1 1 0 1 0 0 1 1 1 0 1 1 0 1 1 1 1 1 1 1 0 0 0 0 1 1 0 0 0 1 0 1 0 0 1 1 1 0 0 1 0 0 1 0 1 1 0 1 0 1 0 1 1 0 1 1 1 1 0 1
A030308_a3 3 90 0 1 0 1 1 1 0 0 1 1 0 1 0 1 1 1 1 1 0 0 0 1 1 0 0 1 0 1 0 1 1 1 0 1 0 0 1 1 1 0 1 1 0 1 1 1 1 1 1 1 0 0 0 0 1 1 0 0 0 1 0 1 0 0 1 1 1 0 0 1 0 0 1 0 1 1 0 1 0 1 0 1 1 0 1 1 1 1 0 1
A030308_a4 4 90 0 1 0 1 1 1 0 0 1 1 0 1 0 1 1 1 1 1 0 0 0 1 1 0 0 1 0 1 0 1 1 1 0 1 0 0 1 1 1 0 1 1 0 1 1 1 1 1 1 1 0 0 0 0 1 1 0 0 0 1 0 1 0 0 1 1 1 0 0 1 0 0 1 0 1 1 0 1 0 1 0 1 1 0 1 1 1 1 0 1
A030432_a2 2 52 1 1 1 1 1 1 1 1 1 1 1 1 1 1 1 1 1 1 1 1 1 1 1 1 1 1 1 1 1 1 1 1 1 1 1 1 1 1 1 1 1 1 1 1 1 1 1 1 1 1 1 1
A030432_a3 3 52 1 2 1 2 1 1 2 1 2 1 2 2 2 2 1 1 2 1 2 1 1 1 2 1 1 2 1 2 1 2 2 2 1 1 1 2 2 2 1 2 1 1 2 1 2 1 1 2 1 2 2 1
A030432_a4 4 52 3 1 1 3 3 1 3 3 1 1 3 1 3 1 1 3 1 1 3 3 1 1 3 3 3 1 1 3 3 1 3 1 3 1 3 1 3 1 1 3 3 1 3 3 1 1 3 1 1 3 1 1
A031346_a2 2 100 0 0 0 0 0 0 0 0 0 0 1 1 1 1 1 1 1 1 1 1 1 1 1 1 1 0 0 0 0 0 1 1 1 1 0 0 0 0 0 1 1 1 1 0 0 0 0 1 0 1 1 1 0 0 0 1 0 1 0 1 1 1 0 0 0 0 1 0 1 1 1 1 0 0 1 1 0 0 1 1 1 1 0 0 0 0 1 1 1 1 1 1 0 1 1 1 1 1 1 0
A031346_a3 3 100 0 0 0 0 0 0 0 0 0 0 1 1 1 1 1 1 1 1 1 1 1 1 1 1 1 2 2 2 2 2 1 1 1 1 2 2 2 2 2 0 1 1 1 2 2 2 2 0 2 0 1 1 2 2 2 0 2 0 2 0 1 1 2 2 2 2 0 2 0 0 1 1 2 2 0 0 2 1 0 0 1 1 2 2 2 2 0 0 0 0 1 1 2 0 0 0 0 0 0 2
A031346_a4 4 100 0 0 0 0 0 0 0 0 0 0 1 1 1 1 1 1 1 1 1 1 1 1 1 1 1 2 2 2 2 2 1 1 1 1 2 2 2 2 2 3 1 1 1 2 2 2 2 3 2 3 1 1 2 2 2 3 2 3 2 3 1 1 2 2 2 2 3 2 3 3 1 1 2 2 3 3 2 0 3 3 1 1 2 2 2 2 3 3 3 3 1 1 2 3 3 3 3 3 3 2
A031347_a2 2 87 0 1 0 1 0 1 0 1 0 1 0 1 0 1 0 1 0 1 0 1 0 0 0 0 0 0 0 0 0 0 0 1 0 1 0 1 0 0 0 0 0 0 0 0 0 0 0 0 0 0 0 1 0 1 0 0 0 1 0 0 0 0 0 0 0 0 0 0 0 0 0 1 0 0 0 1 0 0 0 0 0 0 0 0 0 0 0
A031347_a3 3 87 0 1 2 0 1 2 0 1 2 0 0 1 2 0 1 2 0 1 2 0 0 2 1 0 2 0 2 1 0 2 0 0 0 0 2 2 2 2 2 1 0 1 2 2 0 0 2 0 0 2 0 2 0 2 0 0 0 2 0 0 0 0 2 2 2 0 2 2 0 0 0 1 1 2 0 2 2 2 0 2 0 2 0 2 0 0 0
A031347_a4 4 87 0 1 2 3 0 1 2 3 0 1 0 1 2 3 0 1 2 3 0 1 0 2 0 2 0 0 2 0 2 0 0 3 2 1 2 1 0 2 0 0 0 0 0 2 2 0 0 2 2 0 0 1 0 1 0 0 0 1 0 0 0 2 2 0 0 0 0 0 2 0 0 3 0 2 2 1 0 0 0 0 0 0 2 0 2 0 2
A031443_a2 2 55 0 1 0 0 1 1 0 1 0 0 1 0 0 0 1 1 1 0 1 1 0 1 0 0 1 1 0 1 0 0 1 0 0 0 1 1 0 1 0 0 1 0 0 0 1 0 0 0 0 1 1 1 1 0 1
A031443_a3 3 55 2 0 1 0 2 1 2 2 0 2 1 2 1 2 0 1 0 1 0 2 0 0 1 0 1 0 1 1 2 1 0 1 0 1 0 2 0 0 1 0 2 0 2 0 0 1 0 1 0 2 1 2 1 2 2
A031443_a4 4 55 2 1 2 0 3 1 2 1 2 0 1 2 0 0 3 3 1 2 3 1 2 1 2 0 3 1 2 1 2 0 1 2 0 0 3 1 2 1 2 0 1 2 0 0 1 2 0 0 0 3 3 3 1 2 3
A033307_a2 2 104 1 0 1 0 1 0 1 0 1 1 0 1 1 1 0 1 1 1 0 1 1 1 0 1 1 1 0 1 1 0 0 0 1 0 0 0 1 0 0 0 1 0 0 0 1 0 0 0 1 1 0 1 1 1 0 1 1 1 0 1 1 1 0 1 1 1 0 1 1 0 0 0 1 0 0 0 1 0 0 0 1 0 0 0 1 0 0 0 1 1 0 1 1 1 0 1 1 1 0 1 1 1 0 1
A033307_a3 3 104 1 2 0 1 2 0 1 2 0 1 0 1 1 1 2 1 0 1 1 1 2 1 0 1 1 1 2 1 0 2 0 2 1 2 2 2 0 2 1 2 2 2 0 2 1 2 2 2 0 0 0 0 1 0 2 0 0 0 1 0 2 0 0 0 1 0 2 0 0 1 0 1 1 1 2 1 0 1 1 1 2 1 0 1 1 1 2 1 0 2 0 2 1 2 2 2 0 2 1 2 2 2 0 2
A033307_a4 4 104 1 2 3 0 1 2 3 0 1 1 0 1 1 1 2 1 3 1 0 1 1 1 2 1 3 1 0 1 1 2 0 2 1 2 2 2 3 2 0 2 1 2 2 2 3 2 0 2 1 3 0 3 1 3 2 3 3 3 0 3 1 3 2 3 3 3 0 3 1 0 0 0 1 0 2 0 3 0 0 0 1 0 2 0 3 0 0 0 1 1 0 1 1 1 2 1 3 1 0 1 1 1 2 1
A033308_a2 2 101 0 1 1 1 1 1 1 1 1 1 1 1 0 1 0 1 1 1 1 1 0 1 0 1 0 1 1 1 1 1 0 1 0 1 1 1 1 1 1 1 0 1 0 1 1 1 1 0 1 1 0 1 1 0 1 1 0 1 1 1 1 1 0 1 1 1 1 1 1 1 1 1 1 1 0 1 1 1 1 1 1 1 1 0 1 1 0 1 1 1 1 1 1 1 1 0 1 1 1 1 1
A033308_a3 3 101 2 0 2 1 1 1 1 0 1 1 1 0 2 0 2 0 0 1 0 1 1 1 1 0 1 1 2 0 2 0 0 1 0 1 1 1 1 0 1 0 2 0 2 0 0 1 1 0 1 1 0 0 1 0 1 1 0 0 1 1 0 1 2 1 1 0 1 1 0 1 1 0 0 1 1 0 1 2 1 1 2 1 1 0 0 1 0 1 1 1 0 1 1 0 1 2 1 1 0 1 1
A033308_a4 4 101 2 3 1 3 1 1 1 3 1 3 1 1 2 3 2 1 3 1 3 3 0 1 0 3 0 3 1 3 1 1 2 1 2 3 3 1 3 3 3 1 0 3 0 1 1 3 1 0 1 1 0 3 1 0 3 1 0 1 1 1 3 1 2 3 1 3 1 1 3 3 1 3 1 1 0 1 1 1 1 1 1 3 1 2 3 1 2 3 1 3 3 1 3 1 1 0 1 1 1 1 1
A033819_a2 2 47 0 1 0 1 0 1 0 1 1 1 1 0 1 1 1 1 1 0 1 1 0 1 1 1 1 1 1 1 1 1 1 1 1 1 1 0 1 1 1 1 1 1 1 1 1 0 1
A033819_a3 3 47 0 1 1 2 0 0 0 1 1 0 0 1 0 2 0 2 0 1 1 0 0 1 2 1 2 0 1 1 1 1 0 0 0 0 0 1 0 1 1 2 1 0 2 0 0 0 1
A033819_a4 4 47 0 1 0 1 2 1 0 1 1 3 3 0 3 1 1 3 3 0 3 1 0 1 1 3 3 3 1 3 3 3 1 1 1 3 3 0 3 3 1 1 3 1 3 3 1 0 1
A035232_a2 2 105 0 1 1 0 1 0 1 0 0 0 1 1 0 0 1 0 0 0 1 1 1 0 1 1 0 1 0 1 0 1 0 0 0 1 0 1 1 1 1 0 1 1 0 0 1 0 0 0 0 1 1 0 1 1 0 1 0 1 0 0 1 1 1 0 1 0 0 0 0 1 0 0 1 1 0 1 0 1 0 0 0 1 0 0 1 0 1 0 1 0 0 1 1 0 1 0 0 0 0 0 1 1 0 0 1
A035232_a3 3 105 0 1 1 0 1 0 1 0 0 0 1 1 2 0 1 0 2 0 1 1 1 2 0 1 2 1 2 1 2 1 2 2 2 1 2 1 0 1 1 0 1 1 2 0 1 0 2 0 0 1 1 2 0 1 2 1 2 1 2 0 1 1 1 0 1 0 2 0 0 1 2 2 0 1 2 1 2 1 2 0 0 1 2 0 1 0 1 0 1 0 0 1 1 0 1 0 2 0 0 0 1 1 2 0 1
A035232_a4 4 105 0 1 1 0 1 0 1 0 0 0 1 1 2 0 1 0 2 0 1 1 1 2 3 1 2 1 2 1 2 1 2 2 2 1 2 1 3 1 1 0 1 1 2 0 1 0 2 0 0 1 1 2 3 1 2 1 2 1 2 0 1 1 1 0 1 0 2 0 0 1 2 2 3 1 2 1 2 1 2 0 0 1 2 0 1 0 1 0 1 0 0 1 1 0 1 0 2 0 0 0 1 1 2 0 1
A035327_a2 2 82 1 0 1 0 1 0 1 0 1 0 1 0 1 0 1 0 1 0 1 0 1 0 1 0 1 0 1 0 1 0 1 0 1 0 1 0 1 0 1 0 1 0 1 0 1 0 1 0 1 0 1 0 1 0 1 0 1 0 1 0 1 0 1 0 1 0 1 0 1 0 1 0 1 0 1 0 1 0 1 0 1 0
A035327_a3 3 82 1 0 1 0 0 2 1 0 1 0 2 1 0 2 1 0 0 2 1 0 2 1 0 2 1 0 2 1 0 2 1 0 1 0 2 1 0 2 1 0 2 1 0 2 1 0 2 1 0 2 1 0 2 1 0 2 1 0 2 1 0 2 1 0 0 2 1 0 2 1 0 2 1 0 2 1 0 2 1 0 2 1
A035327_a4 4 82 1 0 1 0 3 2 1 0 3 2 1 0 3 2 1 0 3 2 1 0 3 2 1 0 3 2 1 0 3 2 1 0 3 2 1 0 3 2 1 0 3 2 1 0 3 2 1 0 3 2 1 0 3 2 1 0 3 2 1 0 3 2 1 0 3 2 1 0 3 2 1 0 3 2 1 0 3 2 1 0 3 2
A036554_a2 2 59 0 0 0 0 0 0 0 0 0 0 0 0 0 0 0 0 0 0 0 0 0 0 0 0 0 0 0 0 0 0 0 0 0 0 0 0 0 0 0 0 0 0 0 0 0 0 0 0 0 0 0 0 0 0 0 0 0 0 0
A036554_a3 3 59 2 0 2 1 2 0 1 0 2 0 2 1 2 1 0 1 2 0 2 1 2 0 1 0 2 0 1 2 1 0 1 0 2 0 2 1 2 0 1 0 2 0 2 1 2 1 0 1 2 0 2 1 2 1 0 1 0 2 0
A036554_a4 4 59 2 2 0 2 2 2 2 0 2 2 0 2 2 0 2 2 2 2 0 2 2 2 2 0 2 2 2 2 0 2 2 0 2 2 0 2 2 2 2 0 2 2 0 2 2 0 2 2 2 2 0 2 2 0 2 2 0 2 2
A036952_a2 2 53 1 1 1 1 1 1 1 1 1 1 1 1 1 1 1 1 1 1 1 1 1 1 1 1 1 1 1 1 1 1 1 1 1 1 1 1 1 1 1 1 1 1 1 1 1 1 1 1 1 1 1 1 1
A036952_a3 3 53 0 2 2 2 2 2 2 1 1 2 2 2 1 1 1 1 1 1 2 1 1 1 1 2 0 2 2 0 1 0 1 2 2 1 1 2 1 1 1 2 2 2 2 0 2 1 1 2 1 2 2 1 0
A036952_a4 4 53 3 1 3 3 1 1 1 1 3 1 3 1 3 1 3 1 3 1 1 3 3 3 3 3 1 1 3 1 1 3 3 1 3 1 3 3 3 3 3 3 1 3 3 3 1 3 1 3 1 1 3 1 3
A037274_a2 2 48 1 0 1 1 1 1 1 1 1 1 1 1 1 1 1 1 1 1 1 1 1 1 1 1 1 1 1 1 1 1 1 1 1 1 1 1 1 1 1 1 1 1 1 1 1 1 1 1
A037274_a3 3 48 1 2 0 1 2 2 1 2 2 2 2 1 1 2 1 2 2 2 1 2 1 1 2 2 2 2 2 2 2 1 1 2 2 2 1 2 1 1 1 1 2 1 1 2 1 1 2 2
A037274_a4 4 48 1 2 3 3 1 3 3 3 3 1 3 3 1 3 1 1 1 1 3 1 1 3 3 3 1 3 3 3 1 3 3 3 3 1 1 1 1 1 1 3 1 3 3 1 1 3 3 1
A037278_a2 2 37 1 0 1 0 1 0 1 0 1 0 1 0 1 0 1 0 1 0 1 0 1 0 1 0 1 0 1 0 1 0 1 0 1 0 1 0 1
A037278_a3 3 37 1 0 1 1 0 0 2 0 1 0 0 1 2 0 0 1 0 0 2 0 2 0 0 0 1 0 1 2 0 0 2 0 0 0 0 1 2
A037278_a4 4 37 1 0 1 0 3 0 1 0 3 2 3 0 1 2 3 0 1 2 3 0 1 2 3 0 1 2 3 0 1 2 3 0 1 2 3 0 1
A038618_a2 2 58 0 1 1 1 1 1 1 1 1 1 1 1 1 1 1 1 1 1 1 1 1 1 1 1 1 1 1 1 1 1 1 1 1 1 1 1 1 1 1 1 1 1 1 1 1 1 1 1 1 1 1 1 1 1 1 1 1 1
A038618_a3 3 58 2 0 2 1 2 1 2 1 2 2 1 1 2 1 2 2 2 1 1 2 1 1 2 2 1 2 1 2 2 1 2 1 1 1 2 2 2 1 2 1 2 1 1 1 2 1 2 2 1 2 2 2 2 1 1 2 1 2
A038618_a4 4 58 2 3 1 3 3 1 1 3 3 1 3 1 1 3 3 1 3 1 3 3 1 3 3 1 1 1 3 3 1 3 1 3 1 3 3 1 3 1 3 1 1 3 3 3 3 1 1 3 1 3 1 3 1 3 1 1 3 1
A039996_a2 2 105 1 1 1 1 1 0 0 1 1 0 0 1 1 0 0 1 0 1 0 0 1 0 0 1 0 1 0 0 1 0 1 0 1 1 1 0 1 0 1 1 0 1 0 1 0 0 1 0 1 1 0 0 1 1 0 1 0 0 1 0 0 0 1 0 0 1 1 0 0 0 0 0 0 1 1 1 1 0 1 1 1 0 0 1 1 1 1 1 0 0 1 0 0 1 1 1 0 1 1 1 0 1 1 0 0
A039996_a3 3 105 1 1 1 1 1 2 2 1 0 2 2 0 1 2 2 0 2 1 2 2 0 2 2 1 2 1 2 2 1 1 0 1 2 0 1 2 0 2 0 2 1 1 2 0 1 2 0 1 0 0 1 1 0 0 1 0 2 1 0 2 1 1 0 1 1 2 0 1 1 2 1 1 1 2 2 0 0 1 1 1 0 2 1 0 0 0 1 0 2 2 0 1 2 1 1 0 2 0 2 0 1 0 0 2 1
A039996_a4 4 105 1 1 1 1 1 2 2 1 3 2 2 3 1 2 2 3 2 1 2 2 3 2 2 1 2 1 2 2 1 0 3 0 1 3 1 2 3 2 3 1 0 1 2 3 0 2 3 0 3 3 0 0 3 3 0 3 2 0 3 2 0 0 3 0 0 1 3 0 0 2 0 0 0 1 1 3 3 0 1 1 3 2 0 3 3 3 1 3 2 2 3 0 2 1 1 3 2 3 1 3 0 3 3 2 0
A043096_a2 2 109 0 1 0 1 0 1 0 1 0 1 0 0 1 0 1 0 1 0 1 0 1 1 0 1 0 1 0 1 0 1 0 0 1 0 1 0 1 0 1 0 1 1 0 1 0 1 0 1 0 1 0 0 1 0 1 0 1 0 1 0 1 1 0 1 0 1 0 1 0 1 0 0 1 0 1 0 1 0 1 0 1 1 0 1 0 1 0 1 0 1 0 1 0 1 0 1 0 1 0 1 0 1 1 0 1 0 1 0 1
A043096_a3 3 109 0 1 2 0 1 2 0 1 2 0 1 0 1 2 0 1 2 0 1 2 0 2 0 1 2 0 1 2 0 1 2 1 2 0 1 2 0 1 2 0 1 0 1 2 0 1 2 0 1 2 0 2 0 1 2 0 1 2 0 1 2 1 2 0 1 2 0 1 2 0 1 0 1 2 0 1 2 0 1 2 0 2 0 1 2 0 1 2 0 1 2 2 0 1 2 0 1 2 0 1 0 1 0 1 2 0 1 2 0
A043096_a4 4 109 0 1 2 3 0 1 2 3 0 1 2 0 1 2 3 0 1 2 3 0 1 3 0 1 2 3 0 1 2 3 0 2 3 0 1 2 3 0 1 2 3 1 2 3 0 1 2 3 0 1 2 0 1 2 3 0 1 2 3 0 1 3 0 1 2 3 0 1 2 3 0 2 3 0 1 2 3 0 1 2 3 1 2 3 0 1 2 3 0 1 2 1 2 3 0 1 2 3 0 1 0 1 3 0 1 2 3 0 1
A043529_a2 2 91 1 1 0 1 0 0 0 1 0 0 0 0 0 0 0 1 0 0 0 0 0 0 0 0 0 0 0 0 0 0 0 1 0 0 0 0 0 0 0 0 0 0 0 0 0 0 0 0 0 0 0 0 0 0 0 0 0 0 0 0 0 0 0 1 0 0 0 0 0 0 0 0 0 0 0 0 0 0 0 0 0 0 0 0 0 0 0 0 0 0 0
A043529_a3 3 91 1 1 2 1 2 2 2 1 2 2 2 2 2 2 2 1 2 2 2 2 2 2 2 2 2 2 2 2 2 2 2 1 2 2 2 2 2 2 2 2 2 2 2 2 2 2 2 2 2 2 2 2 2 2 2 2 2 2 2 2 2 2 2 1 2 2 2 2 2 2 2 2 2 2 2 2 2 2 2 2 2 2 2 2 2 2 2 2 2 2 2
A043529_a4 4 91 1 1 2 1 2 2 2 1 2 2 2 2 2 2 2 1 2 2 2 2 2 2 2 2 2 2 2 2 2 2 2 1 2 2 2 2 2 2 2 2 2 2 2 2 2 2 2 2 2 2 2 2 2 2 2 2 2 2 2 2 2 2 2 1 2 2 2 2 2 2 2 2 2 2 2 2 2 2 2 2 2 2 2 2 2 2 2 2 2 2 2
A043537_a2 2 90 1 1 1 1 1 1 1 1 1 0 1 0 0 0 0 0 0 0 0 0 0 1 0 0 0 0 0 0 0 0 0 0 1 0 0 0 0 0 0 0 0 0 0 1 0 0 0 0 0 0 0 0 0 0 1 0 0 0 0 0 0 0 0 0 0 1 0 0 0 0 0 0 0 0 0 0 1 0 0 0 0 0 0 0 0 0 0 1 0 0
A043537_a3 3 90 1 1 1 1 1 1 1 1 1 2 1 2 2 2 2 2 2 2 2 2 2 1 2 2 2 2 2 2 2 2 2 2 1 2 2 2 2 2 2 2 2 2 2 1 2 2 2 2 2 2 2 2 2 2 1 2 2 2 2 2 2 2 2 2 2 1 2 2 2 2 2 2 2 2 2 2 1 2 2 2 2 2 2 2 2 2 2 1 2 2
A043537_a4 4 90 1 1 1 1 1 1 1 1 1 2 1 2 2 2 2 2 2 2 2 2 2 1 2 2 2 2 2 2 2 2 2 2 1 2 2 2 2 2 2 2 2 2 2 1 2 2 2 2 2 2 2 2 2 2 1 2 2 2 2 2 2 2 2 2 2 1 2 2 2 2 2 2 2 2 2 2 1 2 2 2 2 2 2 2 2 2 2 1 2 2
A044813_a2 2 59 1 1 0 0 1 0 0 1 0 0 0 0 1 0 1 1 0 1 1 1 1 0 0 1 0 1 1 0 1 1 0 0 1 1 0 0 1 0 1 1 1 1 0 1 1 0 1 1 1 1 0 1 1 0 0 1 0 1 1
A044813_a3 3 59 1 0 1 0 1 2 2 0 1 0 1 0 1 2 2 0 0 1 1 0 2 0 2 0 1 1 1 0 1 0 1 0 1 0 1 0 1 2 2 0 2 0 0 1 1 2 0 2 1 1 2 0 2 0 2 0 1 1 2
A044813_a4 4 59 1 3 0 2 3 0 2 3 0 0 0 2 3 0 3 3 0 1 3 1 3 0 2 3 0 3 3 0 1 3 0 0 1 3 0 2 3 0 3 3 3 3 0 1 3 0 1 3 1 3 0 1 3 0 2 3 0 3 3
A045918_a2 2 48 0 1 0 1 0 1 0 1 0 1 0 1 0 1 0 1 0 1 0 1 0 1 0 1 0 1 0 1 0 1 0 1 0 1 0 1 0 1 0 1 0 1 0 1 0 1 0 1
A045918_a3 3 48 1 2 0 1 2 0 1 2 0 1 0 0 2 0 1 2 0 1 2 0 1 2 1 1 2 0 1 2 0 1 2 0 1 2 0 1 2 0 1 2 0 1 2 0 0 2 0 1
A045918_a4 4 48 2 3 0 1 2 3 0 1 2 3 2 1 0 1 2 3 0 1 2 3 2 3 2 1 2 3 0 1 2 3 2 3 0 3 2 3 0 1 2 3 2 3 0 1 0 3 0 1
A046034_a2 2 57 0 1 1 1 0 1 1 1 0 1 1 1 0 1 1 1 0 1 1 1 0 1 1 1 0 1 1 1 0 1 1 1 0 1 1 1 0 1 1 1 0 1 1 1 0 1 1 1 0 1 1 1 0 1 1 1 0
A046034_a3 3 57 2 0 2 1 1 2 1 0 2 0 2 1 1 2 1 0 0 1 0 2 0 1 0 2 1 2 1 0 0 1 0 2 2 0 2 1 1 2 1 0 2 0 2 1 1 2 1 0 0 1 0 2 0 1 0 2 1
A046034_a4 4 57 2 3 1 3 2 3 1 3 0 1 3 1 0 1 3 1 0 1 3 1 2 3 1 3 0 1 3 1 0 1 3 1 0 1 3 1 2 3 1 3 0 1 3 1 0 1 3 1 0 1 3 1 2 3 1 3 0
A046704_a2 2 58 0 1 1 1 1 1 1 1 1 1 1 1 1 1 1 1 1 1 1 1 1 1 1 1 1 1 1 1 1 1 1 1 1 1 1 1 1 1 1 1 1 1 1 1 1 1 1 1 1 1 1 1 1 1 1 1 1 1
A046704_a3 3 58 2 0 2 1 2 2 2 2 1 2 1 1 2 2 2 2 2 2 1 1 1 2 2 2 1 2 1 1 2 1 1 2 2 2 1 2 1 2 1 1 2 2 1 1 1 2 1 1 2 2 2 1 2 1 2 1 1 2
A046704_a4 4 58 2 3 1 3 3 3 1 1 3 3 1 3 3 1 1 1 3 1 3 3 1 1 3 3 1 1 3 3 3 1 1 3 1 1 3 3 1 1 3 1 1 3 1 3 1 1 1 1 3 1 1 3 3 3 1 3 1 1
A048724_a2 2 65 0 1 0 1 0 1 0 1 0 1 0 1 0 1 0 1 0 1 0 1 0 1 0 1 0 1 0 1 0 1 0 1 0 1 0 1 0 1 0 1 0 1 0 1 0 1 0 1 0 1 0 1 0 1 0 1 0 1 0 1 0 1 0 1 0
A048724_a3 3 65 0 0 0 2 0 0 1 0 0 0 0 2 2 2 0 2 0 0 0 2 0 0 1 0 1 1 1 0 0 0 1 0 0 0 0 2 0 0 1 0 0 0 0 2 2 2 0 2 2 2 2 1 2 2 0 2 0 0 0 2 2 2 0 2 0
A048724_a4 4 65 0 3 2 1 0 3 2 1 0 3 2 1 0 3 2 1 0 3 2 1 0 3 2 1 0 3 2 1 0 3 2 1 0 3 2 1 0 3 2 1 0 3 2 1 0 3 2 1 0 3 2 1 0 3 2 1 0 3 2 1 0 3 2 1 0
A049345_a2 2 52 0 1 0 1 0 1 0 1 0 1 0 1 0 1 0 1 0 1 0 1 0 1 0 1 0 1 0 1 0 1 0 1 0 1 0 1 0 1 0 1 0 1 0 1 0 1 0 1 0 1 0 1
A049345_a3 3 52 0 1 1 2 2 0 1 2 2 0 0 1 2 0 0 1 1 2 0 1 1 2 2 0 1 2 2 0 0 1 1 2 2 0 0 1 2 0 0 1 1 2 0 1 1 2 2 0 1 2 2 0
A049345_a4 4 52 0 1 2 3 0 1 0 1 2 3 0 1 0 1 2 3 0 1 0 1 2 3 0 1 0 1 2 3 0 1 0 1 2 3 0 1 0 1 2 3 0 1 0 1 2 3 0 1 0 1 2 3
A049445_a2 2 59 1 0 0 0 0 0 0 0 0 0 1 0 0 0 0 0 0 0 1 0 0 0 0 1 0 0 1 0 0 0 0 0 1 0 0 0 0 0 0 0 0 0 1 0 0 0 0 0 0 0 1 0 0 1 0 0 0 0 0
A049445_a3 3 59 1 2 1 0 2 1 0 1 0 2 0 0 2 1 0 1 0 0 1 0 1 0 2 0 0 2 0 0 2 0 0 2 1 2 0 0 2 1 0 1 0 0 2 0 1 0 0 1 0 1 2 0 0 1 2 0 1 0 0
A049445_a4 4 59 1 2 0 2 0 2 0 0 2 0 1 0 0 2 0 0 2 0 3 0 0 2 0 1 0 0 1 0 0 0 0 2 3 0 0 2 0 2 0 0 2 0 3 0 0 2 0 0 0 0 1 0 0 1 0 0 0 2 0
A051885_a2 2 50 0 1 0 1 0 1 0 1 0 1 1 1 1 1 1 1 1 1 1 1 1 1 1 1 1 1 1 1 1 1 1 1 1 1 1 1 1 1 1 1 1 1 1 1 1 1 1 1 1 1
A051885_a3 3 50 0 1 2 0 1 2 0 1 2 0 1 2 0 1 2 0 1 2 0 1 2 0 1 2 0 1 2 0 1 2 0 1 2 0 1 2 0 1 2 0 1 2 0 1 2 0 1 2 0 1
A051885_a4 4 50 0 1 2 3 0 1 2 3 0 1 3 1 3 1 3 1 3 1 3 3 3 3 3 3 3 3 3 3 3 3 3 3 3 3 3 3 3 3 3 3 3 3 3 3 3 3 3 3 3 3
A052224_a2 2 54 1 0 1 0 1 0 1 0 1 1 0 1 0 1 0 1 0 1 0 0 1 0 1 0 1 0 1 0 1 0 1 0 1 0 1 0 0 1 0 1 0 1 0 1 0 1 0 1 0 0 1 0 1 0
A052224_a3 3 54 1 1 1 1 1 1 1 1 1 1 1 1 1 1 1 1 1 1 1 1 1 1 1 1 1 1 1 1 1 1 1 1 1 1 1 1 1 1 1 1 1 1 1 1 1 1 1 1 1 1 1 1 1 1
A052224_a4 4 54 3 0 1 2 3 0 1 2 3 1 2 3 0 1 2 3 0 1 2 0 1 2 3 0 1 2 3 0 3 0 1 2 3 0 1 2 2 3 0 1 2 3 0 1 2 3 0 1 2 0 1 2 3 0
A052382_a2 2 93 1 0 1 0 1 0 1 0 1 1 0 1 0 1 0 1 0 1 1 0 1 0 1 0 1 0 1 1 0 1 0 1 0 1 0 1 1 0 1 0 1 0 1 0 1 1 0 1 0 1 0 1 0 1 1 0 1 0 1 0 1 0 1 1 0 1 0 1 0 1 0 1 1 0 1 0 1 0 1 0 1 1 0 1 0 1 0 1 0 1 1 0 1
A052382_a3 3 93 1 2 0 1 2 0 1 2 0 2 0 1 2 0 1 2 0 1 0 1 2 0 1 2 0 1 2 1 2 0 1 2 0 1 2 0 2 0 1 2 0 1 2 0 1 0 1 2 0 1 2 0 1 2 1 2 0 1 2 0 1 2 0 2 0 1 2 0 1 2 0 1 0 1 2 0 1 2 0 1 2 1 2 0 1 2 0 1 2 0 0 1 2
A052382_a4 4 93 1 2 3 0 1 2 3 0 1 3 0 1 2 3 0 1 2 3 1 2 3 0 1 2 3 0 1 3 0 1 2 3 0 1 2 3 1 2 3 0 1 2 3 0 1 3 0 1 2 3 0 1 2 3 1 2 3 0 1 2 3 0 1 3 0 1 2 3 0 1 2 3 1 2 3 0 1 2 3 0 1 3 0 1 2 3 0 1 2 3 3 0 1
A053645_a2 2 84 0 0 1 0 1 0 1 0 1 0 1 0 1 0 1 0 1 0 1 0 1 0 1 0 1 0 1 0 1 0 1 0 1 0 1 0 1 0 1 0 1 0 1 0 1 0 1 0 1 0 1 0 1 0 1 0 1 0 1 0 1 0 1 0 1 0 1 0 1 0 1 0 1 0 1 0 1 0 1 0 1 0 1 0
A053645_a3 3 84 0 0 1 0 1 2 0 0 1 2 0 1 2 0 1 0 1 2 0 1 2 0 1 2 0 1 2 0 1 2 0 0 1 2 0 1 2 0 1 2 0 1 2 0 1 2 0 1 2 0 1 2 0 1 2 0 1 2 0 1 2 0 1 0 1 2 0 1 2 0 1 2 0 1 2 0 1 2 0 1 2 0 1 2
A053645_a4 4 84 0 0 1 0 1 2 3 0 1 2 3 0 1 2 3 0 1 2 3 0 1 2 3 0 1 2 3 0 1 2 3 0 1 2 3 0 1 2 3 0 1 2 3 0 1 2 3 0 1 2 3 0 1 2 3 0 1 2 3 0 1 2 3 0 1 2 3 0 1 2 3 0 1 2 3 0 1 2 3 0 1 2 3 0
A053735_a2 2 105 0 1 0 1 0 1 0 1 0 1 0 1 0 1 0 1 0 1 0 1 0 1 0 1 0 1 0 1 0 1 0 1 0 1 0 1 0 1 0 1 0 1 0 1 0 1 0 1 0 1 0 1 0 1 0 1 0 1 0 1 0 1 0 1 0 1 0 1 0 1 0 1 0 1 0 1 0 1 0 1 0 1 0 1 0 1 0 1 0 1 0 1 0 1 0 1 0 1 0 1 0 1 0 1 0
A053735_a3 3 105 0 1 2 1 2 0 2 0 1 1 2 0 2 0 1 0 1 2 2 0 1 0 1 2 1 2 0 1 2 0 2 0 1 0 1 2 2 0 1 0 1 2 1 2 0 0 1 2 1 2 0 2 0 1 2 0 1 0 1 2 1 2 0 0 1 2 1 2 0 2 0 1 1 2 0 2 0 1 0 1 2 1 2 0 2 0 1 0 1 2 2 0 1 0 1 2 1 2 0 0 1 2 1 2 0
A053735_a4 4 105 0 1 2 1 2 3 2 3 0 1 2 3 2 3 0 3 0 1 2 3 0 3 0 1 0 1 2 1 2 3 2 3 0 3 0 1 2 3 0 3 0 1 0 1 2 3 0 1 0 1 2 1 2 3 2 3 0 3 0 1 0 1 2 3 0 1 0 1 2 1 2 3 0 1 2 1 2 3 2 3 0 1 2 3 2 3 0 3 0 1 2 3 0 3 0 1 0 1 2 3 0 1 0 1 2
A054055_a2 2 105 0 1 0 1 0 1 0 1 0 1 1 1 0 1 0 1 0 1 0 1 0 0 0 1 0 1 0 1 0 1 1 1 1 1 0 1 0 1 0 1 0 0 0 0 0 1 0 1 0 1 1 1 1 1 1 1 0 1 0 1 0 0 0 0 0 0 0 1 0 1 1 1 1 1 1 1 1 1 0 1 0 0 0 0 0 0 0 0 0 1 1 1 1 1 1 1 1 1 1 1 1 1 0 1 0
A054055_a3 3 105 0 1 2 0 1 2 0 1 2 0 1 1 2 0 1 2 0 1 2 0 2 2 2 0 1 2 0 1 2 0 0 0 0 0 1 2 0 1 2 0 1 1 1 1 1 2 0 1 2 0 2 2 2 2 2 2 0 1 2 0 0 0 0 0 0 0 0 1 2 0 1 1 1 1 1 1 1 1 2 0 2 2 2 2 2 2 2 2 2 0 0 0 0 0 0 0 0 0 0 0 1 1 2 0 1
A054055_a4 4 105 0 1 2 3 0 1 2 3 0 1 1 1 2 3 0 1 2 3 0 1 2 2 2 3 0 1 2 3 0 1 3 3 3 3 0 1 2 3 0 1 0 0 0 0 0 1 2 3 0 1 1 1 1 1 1 1 2 3 0 1 2 2 2 2 2 2 2 3 0 1 3 3 3 3 3 3 3 3 0 1 0 0 0 0 0 0 0 0 0 1 1 1 1 1 1 1 1 1 1 1 1 1 2 3 0
A055012_a2 2 60 0 1 0 1 0 1 0 1 0 1 1 0 1 0 1 0 1 0 1 0 0 1 0 1 0 1 0 1 0 1 1 0 1 0 1 0 1 0 1 0 0 1 0 1 0 1 0 1 0 1 1 0 1 0 1 0 1 0 1 0
A055012_a3 3 60 0 1 2 0 1 2 0 1 2 0 1 2 0 1 2 0 1 2 0 1 2 0 1 2 0 1 2 0 1 2 0 1 2 0 1 2 0 1 2 0 1 2 0 1 2 0 1 2 0 1 2 0 1 2 0 1 2 0 1 2
A055012_a4 4 60 0 1 0 3 0 1 0 3 0 1 1 2 1 0 1 2 1 0 1 2 0 1 0 3 0 1 0 3 0 1 3 0 3 2 3 0 3 2 3 0 0 1 0 3 0 1 0 3 0 1 1 2 1 0 1 2 1 0 1 2
A055641_a2 2 106 1 0 0 0 0 0 0 0 0 0 1 0 0 0 0 0 0 0 0 0 1 0 0 0 0 0 0 0 0 0 1 0 0 0 0 0 0 0 0 0 1 0 0 0 0 0 0 0 0 0 1 0 0 0 0 0 0 0 0 0 1 0 0 0 0 0 0 0 0 0 1 0 0 0 0 0 0 0 0 0 1 0 0 0 0 0 0 0 0 0 1 0 0 0 0 0 0 0 0 0 0 1 1 1 1 1
A055641_a3 3 106 1 0 0 0 0 0 0 0 0 0 1 0 0 0 0 0 0 0 0 0 1 0 0 0 0 0 0 0 0 0 1 0 0 0 0 0 0 0 0 0 1 0 0 0 0 0 0 0 0 0 1 0 0 0 0 0 0 0 0 0 1 0 0 0 0 0 0 0 0 0 1 0 0 0 0 0 0 0 0 0 1 0 0 0 0 0 0 0 0 0 1 0 0 0 0 0 0 0 0 0 2 1 1 1 1 1
A055641_a4 4 106 1 0 0 0 0 0 0 0 0 0 1 0 0 0 0 0 0 0 0 0 1 0 0 0 0 0 0 0 0 0 1 0 0 0 0 0 0 0 0 0 1 0 0 0 0 0 0 0 0 0 1 0 0 0 0 0 0 0 0 0 1 0 0 0 0 0 0 0 0 0 1 0 0 0 0 0 0 0 0 0 1 0 0 0 0 0 0 0 0 0 1 0 0 0 0 0 0 0 0 0 2 1 1 1 1 1
A055642_a2 2 121 1 1 1 1 1 1 1 1 1 1 0 0 0 0 0 0 0 0 0 0 0 0 0 0 0 0 0 0 0 0 0 0 0 0 0 0 0 0 0 0 0 0 0 0 0 0 0 0 0 0 0 0 0 0 0 0 0 0 0 0 0 0 0 0 0 0 0 0 0 0 0 0 0 0 0 0 0 0 0 0 0 0 0 0 0 0 0 0 0 0 0 0 0 0 0 0 0 0 0 0 1 1 1 1 1 1 1 1 1 1 1 1 1 1 1 1 1 1 1 1 1
A055642_a3 3 121 1 1 1 1 1 1 1 1 1 1 2 2 2 2 2 2 2 2 2 2 2 2 2 2 2 2 2 2 2 2 2 2 2 2 2 2 2 2 2 2 2 2 2 2 2 2 2 2 2 2 2 2 2 2 2 2 2 2 2 2 2 2 2 2 2 2 2 2 2 2 2 2 2 2 2 2 2 2 2 2 2 2 2 2 2 2 2 2 2 2 2 2 2 2 2 2 2 2 2 2 0 0 0 0 0 0 0 0 0 0 0 0 0 0 0 0 0 0 0 0 0
A055642_a4 4 121 1 1 1 1 1 1 1 1 1 1 2 2 2 2 2 2 2 2 2 2 2 2 2 2 2 2 2 2 2 2 2 2 2 2 2 2 2 2 2 2 2 2 2 2 2 2 2 2 2 2 2 2 2 2 2 2 2 2 2 2 2 2 2 2 2 2 2 2 2 2 2 2 2 2 2 2 2 2 2 2 2 2 2 2 2 2 2 2 2 2 2 2 2 2 2 2 2 2 2 2 3 3 3 3 3 3 3 3 3 3 3 3 3 3 3 3 3 3 3 3 3
A056964_a2 2 65 0 0 0 0 0 0 0 0 0 0 1 0 1 0 1 0 1 0 1 0 0 1 0 1 0 1 0 1 0 1 1 0 1 0 1 0 1 0 1 0 0 1 0 1 0 1 0 1 0 1 1 0 1 0 1 0 1 0 1 0 0 1 0 1 0
A056964_a3 3 65 0 2 1 0 2 1 0 2 1 0 2 1 0 2 1 0 2 1 0 2 1 0 2 1 0 2 1 0 2 1 0 2 1 0 2 1 0 2 1 0 2 1 0 2 1 0 2 1 0 2 1 0 2 1 0 2 1 0 2 1 0 2 1 0 2
A056964_a4 4 65 0 2 0 2 0 2 0 2 0 2 3 2 1 0 3 2 1 0 3 2 2 1 0 3 2 1 0 3 2 1 1 0 3 2 1 0 3 2 1 0 0 3 2 1 0 3 2 1 0 3 3 2 1 0 3 2 1 0 3 2 2 1 0 3 2
A057889_a2 2 72 0 1 0 1 0 1 0 1 0 1 0 1 0 1 0 1 0 1 0 1 0 1 0 1 0 1 0 1 0 1 0 1 0 1 0 1 0 1 0 1 0 1 0 1 0 1 0 1 0 1 0 1 0 1 0 1 0 1 0 1 0 1 0 1 0 1 0 1 0 1 0 1
A057889_a3 3 72 0 1 2 0 1 2 0 1 2 0 1 1 0 2 2 0 1 2 0 1 2 0 2 2 0 1 1 0 1 2 0 1 2 0 1 1 0 2 2 0 1 1 0 2 1 0 1 1 0 2 2 0 2 1 0 2 2 0 1 1 0 2 2 0 1 2 0 1 2 0 2 2
A057889_a4 4 72 0 1 2 3 0 1 2 3 0 1 2 1 0 3 2 3 0 1 2 1 0 1 2 1 0 3 2 3 0 3 2 3 0 1 2 1 0 1 2 1 0 1 2 1 0 1 2 1 0 3 2 3 0 3 2 3 0 3 2 3 0 3 2 3 0 1 2 1 0 1 2 1
A059893_a2 2 71 1 0 1 0 0 1 1 0 0 0 0 1 1 1 1 0 0 0 0 0 0 0 0 1 1 1 1 1 1 1 1 0 0 0 0 0 0 0 0 0 0 0 0 0 0 0 0 1 1 1 1 1 1 1 1 1 1 1 1 1 1 1 1 0 0 0 0 0 0 0 0
A059893_a3 3 71 1 2 0 1 0 2 1 2 0 1 2 0 1 2 0 1 0 2 1 0 2 1 0 2 1 0 2 1 0 2 1 2 0 1 2 0 1 2 0 1 2 0 1 2 0 1 2 0 1 2 0 1 2 0 1 2 0 1 2 0 1 2 0 1 0 2 1 0 2 1 0
A059893_a4 4 71 1 2 3 0 2 1 3 0 0 2 2 1 1 3 3 0 0 0 0 2 2 2 2 1 1 1 1 3 3 3 3 0 0 0 0 0 0 0 0 2 2 2 2 2 2 2 2 1 1 1 1 1 1 1 1 3 3 3 3 3 3 3 3 0 0 0 0 0 0 0 0
A059897_a2 2 81 1 0 0 1 1 1 0 0 0 0 1 0 1 0 1 0 0 0 0 0 0 1 1 1 1 1 1 1 0 0 0 0 0 0 0 0 1 0 1 0 1 0 1 0 1 0 0 0 0 0 0 0 0 0 0 1 1 1 0 1 1 1 0 1 1 1 0 0 0 0 0 0 0 0 0 0 0 0 1 0 1
A059897_a3 3 81 1 2 2 0 1 0 1 0 0 1 2 2 1 2 2 0 1 0 0 1 0 1 0 0 1 0 0 1 2 2 2 2 2 2 2 2 0 1 0 0 1 0 0 1 0 1 0 0 1 0 0 1 0 0 1 2 2 0 2 2 1 2 2 0 2 2 0 1 0 0 1 0 0 1 0 0 1 0 1 0 0
A059897_a4 4 81 1 2 2 3 1 3 0 2 2 0 1 0 1 0 1 2 2 0 0 2 2 3 3 3 1 3 3 3 0 2 2 0 0 2 2 0 1 0 1 0 1 0 1 0 1 2 2 0 0 2 2 0 0 2 2 3 1 3 2 3 1 3 2 3 1 3 0 2 2 0 0 2 2 0 0 2 2 0 1 0 1
A061954_a2 2 20 1 1 1 1 1 1 0 1 1 1 0 1 1 1 0 0 0 0 0 0
A061954_a3 3 20 1 0 2 0 0 0 0 0 1 0 0 1 0 1 0 2 0 0 0 1
A061954_a4 4 20 1 3 1 1 3 1 0 3 3 1 0 3 3 1 0 0 0 0 0 0
A061978_a2 2 21 1 1 1 1 1 1 0 0 1 1 1 0 0 1 0 1 0 1 1 1 0
A061978_a3 3 21 1 0 0 0 0 0 0 0 1 2 2 0 0 2 1 0 2 0 2 0 2
A061978_a4 4 21 1 3 1 1 1 1 0 0 1 1 1 0 0 1 0 1 0 3 3 1 0
A062028_a2 2 71 0 0 0 0 0 0 0 0 0 0 1 1 1 1 1 1 1 1 1 1 0 0 0 0 0 0 0 0 0 0 1 1 1 1 1 1 1 1 1 1 0 0 0 0 0 0 0 0 0 0 1 1 1 1 1 1 1 1 1 1 0 0 0 0 0 0 0 0 0 0 1
A062028_a3 3 71 0 2 1 0 2 1 0 2 1 0 2 1 0 2 1 0 2 1 0 2 1 0 2 1 0 2 1 0 2 1 0 2 1 0 2 1 0 2 1 0 2 1 0 2 1 0 2 1 0 2 1 0 2 1 0 2 1 0 2 1 0 2 1 0 2 1 0 2 1 0 2
A062028_a4 4 71 0 2 0 2 0 2 0 2 0 2 3 1 3 1 3 1 3 1 3 1 2 0 2 0 2 0 2 0 2 0 1 3 1 3 1 3 1 3 1 3 0 2 0 2 0 2 0 2 0 2 3 1 3 1 3 1 3 1 3 1 2 0 2 0 2 0 2 0 2 0 1
A062756_a2 2 105 0 1 0 1 0 1 0 1 0 1 0 1 0 1 0 1 0 1 0 1 0 1 0 1 0 1 0 1 0 1 0 1 0 1 0 1 0 1 0 1 0 1 0 1 0 1 0 1 0 1 0 1 0 1 0 1 0 1 0 1 0 1 0 1 0 1 0 1 0 1 0 1 0 1 0 1 0 1 0 1 0 1 0 1 0 1 0 1 0 1 0 1 0 1 0 1 0 1 0 1 0 1 0 1 0
A062756_a3 3 105 0 1 0 1 2 1 0 1 0 1 2 1 2 0 2 1 2 1 0 1 0 1 2 1 0 1 0 1 2 1 2 0 2 1 2 1 2 0 2 0 1 0 2 0 2 1 2 1 2 0 2 1 2 1 0 1 0 1 2 1 0 1 0 1 2 1 2 0 2 1 2 1 0 1 0 1 2 1 0 1 0 1 2 1 2 0 2 1 2 1 2 0 2 0 1 0 2 0 2 1 2 1 2 0 2
A062756_a4 4 105 0 1 0 1 2 1 0 1 0 1 2 1 2 3 2 1 2 1 0 1 0 1 2 1 0 1 0 1 2 1 2 3 2 1 2 1 2 3 2 3 0 3 2 3 2 1 2 1 2 3 2 1 2 1 0 1 0 1 2 1 0 1 0 1 2 1 2 3 2 1 2 1 0 1 0 1 2 1 0 1 0 1 2 1 2 3 2 1 2 1 2 3 2 3 0 3 2 3 2 1 2 1 2 3 2
A063171_a2 2 28 0 0 0 0 0 0 0 0 0 0 0 0 0 0 0 0 0 0 0 0 0 0 0 0 0 0 0 0
A063171_a3 3 28 0 1 2 2 0 0 0 0 0 1 1 1 1 1 1 1 1 1 1 1 1 1 1 2 2 2 2 2
A063171_a4 4 28 0 2 2 0 2 0 2 0 0 2 0 2 0 0 2 0 2 0 0 2 0 0 0 2 0 2 0 0
A064547_a2 2 105 0 1 1 1 1 0 1 0 1 0 1 0 1 0 0 1 1 0 1 0 0 0 1 1 1 0 0 0 1 1 1 0 0 0 0 0 1 0 0 1 1 1 1 0 0 0 1 0 1 0 0 0 1 1 0 1 0 0 1 1 1 0 0 0 0 1 1 0 0 1 1 1 1 0 0 0 0 1 1 0 1 0 1 1 0 0 0 1 1 1 0 0 0 0 0 1 1 0 0 0 1 1 1 1 1
A064547_a3 3 105 0 1 1 1 1 2 1 2 1 2 1 2 1 2 2 1 1 2 1 2 2 2 1 0 1 2 2 2 1 0 1 2 2 2 2 2 1 2 2 0 1 0 1 2 2 2 1 2 1 2 2 2 1 0 2 0 2 2 1 0 1 2 2 2 2 0 1 2 2 0 1 0 1 2 2 2 2 0 1 2 1 2 1 0 2 2 2 0 1 0 2 2 2 2 2 0 1 2 2 2 1 0 1 0 0
A064547_a4 4 105 0 1 1 1 1 2 1 2 1 2 1 2 1 2 2 1 1 2 1 2 2 2 1 3 1 2 2 2 1 3 1 2 2 2 2 2 1 2 2 3 1 3 1 2 2 2 1 2 1 2 2 2 1 3 2 3 2 2 1 3 1 2 2 2 2 3 1 2 2 3 1 3 1 2 2 2 2 3 1 2 1 2 1 3 2 2 2 3 1 3 2 2 2 2 2 3 1 2 2 2 1 3 1 3 3
A065199_a2 2 38 0 1 0 1 0 0 0 0 1 0 1 0 0 0 1 0 0 0 1 0 1 0 1 1 1 1 1 0 1 0 0 1 0 1 0 1 0 1
A065199_a3 3 38 0 1 2 0 1 0 0 0 2 0 1 1 1 0 1 2 1 0 1 2 1 1 2 2 0 0 2 0 1 2 0 0 1 2 2 1 2 0
A065199_a4 4 38 0 1 2 3 0 2 0 2 1 2 3 2 0 2 3 0 2 0 1 2 1 0 1 3 3 3 1 2 3 0 2 1 0 1 0 3 0 1
A065720_a2 2 50 1 1 1 1 1 1 1 1 1 1 1 1 1 1 1 1 1 1 1 1 1 1 1 1 1 1 1 1 1 1 1 1 1 1 1 1 1 1 1 1 1 1 1 1 1 1 1 1 1 1
A065720_a3 3 50 0 2 2 2 2 2 2 1 1 2 2 1 1 1 1 1 1 2 2 1 1 2 1 1 2 2 2 1 1 2 1 1 2 2 2 2 2 2 2 1 1 2 1 1 2 1 2 2 2 2
A065720_a4 4 50 3 1 3 3 1 1 1 1 3 1 3 3 1 1 3 3 3 3 3 1 3 3 3 3 3 1 3 1 3 3 1 1 3 1 3 3 1 3 1 1 3 1 1 1 1 1 1 3 1 3
A065727_a2 2 49 0 1 1 1 1 1 1 1 1 1 1 1 1 1 1 1 1 1 1 1 1 1 1 1 1 1 1 1 1 1 1 1 1 1 1 1 1 1 1 1 1 1 1 1 1 1 1 1 1
A065727_a3 3 49 2 0 2 1 1 1 1 1 1 1 1 1 1 1 1 1 1 1 1 1 1 1 1 1 1 1 1 1 1 1 1 1 1 1 1 1 1 1 1 1 1 1 1 1 1 1 1 1 1
A065727_a4 4 49 2 3 1 3 1 3 1 1 3 3 3 1 3 1 3 3 1 1 3 1 3 1 3 3 3 3 1 1 1 1 3 3 3 1 3 3 1 3 3 1 3 1 1 1 3 1 3 1 1
A068407_a2 2 57 0 1 0 1 0 1 0 1 0 1 0 1 0 1 1 1 1 0 1 0 1 1 1 1 1 1 1 1 0 0 1 1 1 1 0 0 1 1 1 1 1 1 1 1 1 1 1 1 1 1 1 1 1 1 0 1 1
A068407_a3 3 57 0 1 2 0 1 2 0 1 2 0 0 1 2 1 1 0 0 2 0 1 0 0 2 1 0 2 1 0 1 0 2 1 0 2 1 0 1 0 2 1 0 2 1 0 1 0 1 0 2 0 2 0 2 1 1 2 1
A068407_a4 4 57 0 1 2 3 0 1 2 3 0 1 0 1 0 3 1 3 1 0 3 0 1 3 1 1 1 3 3 3 0 0 3 3 1 1 0 0 1 1 1 3 3 3 3 3 1 3 1 3 1 3 1 3 1 3 0 1 3
A069010_a2 2 94 0 1 1 1 1 0 1 1 1 0 0 0 1 0 1 1 1 0 0 0 0 1 0 0 1 0 0 0 1 0 1 1 1 0 0 0 0 1 0 0 0 1 1 1 0 1 0 0 1 0 0 0 0 1 0 0 1 0 0 0 1 0 1 1 1 0 0 0 0 1 0 0 0 1 1 1 0 1 0 0 0 1 1 1 1 0 1 1 0 1 1 1 0 1
A069010_a3 3 94 0 1 1 1 1 2 1 1 1 2 2 2 1 2 1 1 1 2 2 2 2 0 2 2 1 2 2 2 1 2 1 1 1 2 2 2 2 0 2 2 2 0 0 0 2 0 2 2 1 2 2 2 2 0 2 2 1 2 2 2 1 2 1 1 1 2 2 2 2 0 2 2 2 0 0 0 2 0 2 2 2 0 0 0 0 1 0 0 2 0 0 0 2 0
A069010_a4 4 94 0 1 1 1 1 2 1 1 1 2 2 2 1 2 1 1 1 2 2 2 2 3 2 2 1 2 2 2 1 2 1 1 1 2 2 2 2 3 2 2 2 3 3 3 2 3 2 2 1 2 2 2 2 3 2 2 1 2 2 2 1 2 1 1 1 2 2 2 2 3 2 2 2 3 3 3 2 3 2 2 2 3 3 3 3 0 3 3 2 3 3 3 2 3
A072495_a2 2 70 0 1 0 1 0 1 0 1 0 1 1 0 1 0 1 1 1 1 0 1 1 0 1 1 0 1 0 1 1 1 1 0 1 0 1 1 0 1 0 1 1 1 1 0 1 0 1 1 0 1 1 0 1 1 1 1 0 1 0 1 1 0 1 0 1 1 1 1 1 1
A072495_a3 3 70 0 1 2 0 1 2 0 1 2 0 2 0 1 1 2 1 0 2 0 1 0 1 2 1 2 0 0 1 0 2 1 2 2 0 1 0 1 2 2 0 2 1 0 1 1 2 0 2 0 1 0 1 2 1 0 2 0 0 1 2 1 2 0 0 1 0 2 2 2 2
A072495_a4 4 70 0 1 2 3 0 1 2 3 0 1 3 0 1 0 1 3 1 3 0 1 3 0 1 3 0 1 0 1 3 1 3 0 3 0 1 3 0 1 0 1 3 1 3 0 3 0 1 3 0 1 3 0 1 3 1 3 0 3 0 1 3 0 1 0 1 3 1 3 1 3
A075928_a2 2 47 0 1 1 0 1 0 0 1 0 1 1 0 1 0 0 1 1 0 0 1 0 1 1 0 1 0 0 1 0 1 1 0 1 0 0 1 0 1 1 0 1 0 0 1 0 1 1
A075928_a3 3 47 0 0 0 0 1 0 0 0 0 0 0 2 0 0 0 0 0 0 0 0 2 2 2 1 2 1 1 1 0 0 0 0 1 0 2 2 1 1 2 2 2 2 0 0 2 2 1
A075928_a4 4 47 0 3 3 0 1 2 2 1 2 1 1 2 3 0 0 3 3 0 0 3 2 1 1 2 1 2 2 1 0 3 3 0 1 2 2 1 0 3 3 0 3 0 0 3 2 1 1
A078972_a2 2 55 0 0 1 0 0 1 1 1 1 1 1 1 1 1 1 1 1 1 1 1 1 1 1 1 1 1 1 1 1 1 1 1 1 1 1 1 1 1 1 1 1 1 1 1 1 1 1 1 1 1 1 1 1 1 1
A078972_a3 3 55 1 0 0 1 2 0 0 1 2 1 1 2 1 1 2 2 1 1 1 2 1 2 2 1 2 1 1 2 2 1 2 1 1 1 2 1 2 2 1 1 1 2 2 1 1 2 2 1 1 2 2 2 2 2 1
A078972_a4 4 55 0 2 1 2 2 3 1 1 3 1 1 3 1 3 1 1 3 1 1 3 3 3 1 1 1 3 3 3 1 3 1 1 1 1 3 1 1 3 3 3 1 3 1 1 3 3 1 1 3 1 3 1 3 3 1
A085104_a2 2 44 1 1 1 1 1 1 1 1 1 1 1 1 1 1 1 1 1 1 1 1 1 1 1 1 1 1 1 1 1 1 1 1 1 1 1 1 1 1 1 1 1 1 1 1
A085104_a3 3 44 1 1 1 1 1 1 1 1 1 1 1 1 1 1 1 1 1 1 1 2 1 1 1 1 1 1 1 1 1 1 1 1 1 1 1 1 1 1 1 1 1 1 1 1
A085104_a4 4 44 3 1 3 3 1 3 1 3 1 3 1 3 1 1 1 3 3 3 3 1 3 3 1 3 3 3 1 1 3 3 1 3 3 1 3 3 3 1 3 1 1 3 3 3
A089971_a2 2 26 1 1 1 1 1 1 1 1 1 1 1 1 1 1 1 1 1 1 1 1 1 1 1 1 1 1
A089971_a3 3 26 2 2 1 2 1 1 1 2 1 2 2 2 2 2 2 1 1 2 1 2 1 2 1 1 2 2
A089971_a4 4 26 3 1 3 3 1 1 1 1 3 1 3 3 1 1 3 3 3 3 3 1 3 3 3 3 3 1
A089981_a2 2 31 0 1 1 1 1 1 1 1 1 1 1 1 1 1 1 1 1 1 1 1 1 1 1 1 1 1 1 1 1 1 1
A089981_a3 3 31 2 2 1 2 2 1 2 2 2 1 1 2 2 2 1 1 1 1 2 1 2 1 1 2 2 1 2 2 2 2 1
A089981_a4 4 31 2 3 1 3 3 3 1 3 1 3 3 1 3 1 1 1 1 3 3 1 1 1 3 1 1 1 3 1 3 1 1
A090707_a2 2 44 0 1 1 1 1 1 1 1 1 1 1 1 1 1 1 1 1 1 1 1 1 1 1 1 1 1 1 1 1 1 1 1 1 1 1 1 1 1 1 1 1 1 1 1
A090707_a3 3 44 2 0 2 1 2 1 2 1 2 2 1 1 2 2 1 2 1 1 2 1 1 2 1 2 2 2 1 1 1 2 1 2 1 2 2 2 1 2 1 2 1 2 1 2
A090707_a4 4 44 2 3 3 1 3 3 1 3 1 3 3 3 1 3 3 1 1 1 3 1 1 3 3 1 3 3 1 3 3 1 3 1 1 3 3 1 1 3 3 3 3 1 1 3
A090721_a2 2 32 0 1 1 1 1 1 1 1 1 1 1 1 1 1 1 1 1 1 1 1 1 1 1 1 1 1 1 1 1 1 1 1
A090721_a3 3 32 2 0 2 1 2 1 1 1 1 1 2 2 1 2 1 1 1 2 1 2 2 1 1 1 2 2 1 2 2 2 1 2
A090721_a4 4 32 2 3 1 3 3 1 3 3 3 1 3 3 3 1 1 3 3 3 1 1 3 3 1 3 3 1 3 3 1 1 3 3
A091924_a2 2 49 0 1 1 1 1 1 1 1 1 1 1 1 1 1 1 1 1 1 1 1 1 1 1 1 1 1 1 1 1 1 1 1 1 1 1 1 1 1 1 1 1 1 1 1 1 1 1 1 1
A091924_a3 3 49 2 0 2 1 2 1 1 1 2 1 1 2 1 2 2 2 2 1 2 1 1 2 1 1 1 1 1 2 2 2 2 2 1 1 1 1 1 1 1 1 2 2 1 1 1 2 1 1 2
A091924_a4 4 49 2 3 1 3 1 3 1 3 1 3 1 1 3 3 3 1 1 3 1 1 3 3 3 1 3 3 1 1 1 1 3 3 3 1 1 3 1 1 3 1 3 1 3 3 1 3 1 3 3
A101211_a2 2 105 1 1 1 0 1 0 1 1 1 0 1 1 1 1 1 0 1 1 1 1 1 1 1 0 0 0 0 1 1 1 1 0 1 0 1 1 1 1 0 1 1 1 0 0 1 1 1 0 1 1 1 1 1 1 1 0 1 1 1 1 0 1 0 0 1 0 1 1 1 0 1 0 1 0 1 1 1 0 1 1 1 1 1 0 1 1 1 1 1 1 1 0 1 0 1 0 1 0 1 1 1 1 0 0 1
A101211_a3 3 105 1 1 1 2 1 2 1 1 1 2 1 0 1 0 1 2 1 1 1 1 1 1 1 2 2 2 2 1 1 0 1 1 1 1 1 0 1 1 2 1 1 1 2 2 1 1 1 2 1 1 1 1 1 1 1 2 1 1 1 0 2 0 2 2 1 2 1 1 1 2 1 2 0 2 0 1 1 1 1 2 1 2 1 1 1 1 0 1 1 1 0 2 1 2 1 2 1 2 1 1 1 1 2 2 1
A101211_a4 4 105 1 1 1 2 1 2 1 1 1 2 1 3 1 3 1 2 1 1 1 1 1 1 1 2 2 2 2 1 1 3 1 0 1 0 1 3 1 1 2 1 1 1 2 2 1 1 1 2 1 1 1 1 1 1 1 2 1 1 1 3 2 3 2 2 1 2 1 1 1 2 1 2 3 2 3 1 1 0 1 1 1 1 1 0 1 1 3 1 1 1 3 2 1 2 1 2 1 2 1 1 1 1 2 2 1
A102370_a2 2 68 0 1 0 1 0 1 0 1 0 1 0 1 0 1 0 1 0 1 0 1 0 1 0 1 0 1 0 1 0 1 0 1 0 1 0 1 0 1 0 1 0 1 0 1 0 1 0 1 0 1 0 1 0 1 0 1 0 1 0 1 0 1 0 1 0 1 0 1
A102370_a3 3 68 0 0 0 2 1 0 1 0 2 2 2 1 1 2 0 2 1 1 1 0 2 1 2 1 0 0 0 1 2 0 1 0 2 2 2 1 0 2 0 2 1 1 1 0 0 1 2 1 0 0 0 2 1 0 1 0 2 2 0 0 1 2 0 2 1 1 1 0
A102370_a4 4 68 0 3 2 1 0 3 2 1 0 3 2 1 0 3 2 1 0 3 2 1 0 3 2 1 0 3 2 1 0 3 2 1 0 3 2 1 0 3 2 1 0 3 2 1 0 3 2 1 0 3 2 1 0 3 2 1 0 3 2 1 0 3 2 1 0 3 2 1
A109812_a2 2 71 1 0 0 1 0 1 0 0 0 1 0 0 1 0 0 1 0 1 0 1 0 1 0 1 0 1 0 1 0 0 1 0 1 0 1 0 1 0 1 0 1 0 1 0 1 0 0 1 0 0 1 0 1 0 1 0 1 0 0 0 1 0 1 0 0 1 0 0 1 0 1
A109812_a3 3 71 1 2 1 0 2 2 1 1 0 0 0 0 2 2 2 1 0 0 2 2 0 1 1 0 1 1 0 0 1 1 2 0 1 2 2 2 1 0 2 0 0 2 2 1 1 2 2 0 1 2 2 2 0 0 1 1 0 1 0 0 0 2 1 1 2 1 1 2 2 1 0
A109812_a4 4 71 1 2 0 3 0 1 2 0 2 1 2 0 1 2 0 3 0 1 0 3 0 3 0 1 2 1 0 3 0 2 1 2 1 2 1 2 1 0 3 0 3 0 3 0 3 0 0 3 0 0 1 2 1 2 1 2 1 2 0 2 1 2 1 0 2 1 2 0 3 0 3
A110240_a2 2 26 1 1 1 1 1 1 1 1 1 1 1 1 1 1 1 1 1 1 1 1 1 1 1 1 1 1
A110240_a3 3 26 1 1 1 0 2 1 1 0 0 2 1 0 1 0 2 0 0 1 2 1 0 1 2 1 0 2
A110240_a4 4 26 1 3 1 3 1 3 1 3 1 3 1 3 1 3 1 3 1 3 1 3 1 3 1 3 1 3
A117828_a2 2 71 1 1 1 1 1 1 1 1 1 1 1 1 1 1 1 1 1 1 1 1 1 1 1 1 1 1 1 1 1 1 1 1 1 1 0 1 0 1 0 1 0 1 1 1 0 0 0 0 1 1 1 1 0 0 0 1 1 1 1 1 1 1 1 1 1 1 1 1 1 1 1
A117828_a3 3 71 1 2 0 1 2 0 1 2 0 1 2 0 1 2 0 1 2 0 1 2 0 1 2 0 1 2 0 1 2 0 1 2 0 1 2 0 1 2 0 1 2 0 1 2 0 1 2 0 1 2 0 1 2 0 1 2 0 1 2 0 1 2 0 1 2 0 1 2 0 1 2
A117828_a4 4 71 1 1 1 1 3 1 3 1 1 1 1 1 1 3 3 3 3 1 1 1 1 1 1 3 3 3 3 1 1 1 1 1 1 3 0 3 0 1 2 1 2 3 1 3 2 0 2 0 3 1 3 1 0 2 2 1 1 1 3 1 3 1 1 1 1 1 1 3 3 3 3
A118108_a2 2 25 1 1 1 1 1 1 1 1 1 1 1 1 1 1 1 1 1 1 1 1 1 1 1 1 1
A118108_a3 3 25 1 1 2 2 0 0 1 1 2 2 0 0 1 1 2 2 0 0 1 1 2 2 0 0 1
A118108_a4 4 25 1 3 1 3 1 3 1 3 1 3 1 3 1 3 1 3 1 3 1 3 1 3 1 3 1
A118171_a2 2 25 1 1 1 1 1 1 1 1 1 1 1 1 1 1 1 1 1 1 1 1 1 1 1 1 1
A118171_a3 3 25 1 1 2 1 0 1 1 1 2 1 0 1 1 1 2 1 0 1 1 1 2 1 0 1 1
A118171_a4 4 25 1 3 1 3 1 3 1 3 1 3 1 3 1 3 1 3 1 3 1 3 1 3 1 3 1
A118173_a2 2 35 1 1 1 1 1 1 1 1 1 1 1 1 1 1 1 1 1 1 1 1 1 1 1 1 1 1 1 1 1 1 1 1 1 1 1
A118173_a3 3 35 1 0 2 0 2 1 0 1 0 2 1 2 1 0 2 0 2 1 0 1 0 2 1 2 1 0 2 0 2 1 0 1 0 2 1
A118173_a4 4 35 1 3 1 3 1 3 1 3 1 3 1 3 1 3 1 3 1 3 1 3 1 3 1 3 1 3 1 3 1 3 1 3 1 3 1
A119033_a2 2 25 1 0 1 0 0 1 1 0 1 1 0 1 0 0 0 1 1 1 0 1 1 0 1 1 0
A119033_a3 3 25 1 1 0 0 0 0 0 0 0 0 0 0 0 0 0 0 0 0 0 0 0 0 1 0 0
A119033_a4 4 25 1 2 1 0 2 3 3 0 1 3 0 3 0 2 0 1 3 1 0 1 3 0 3 3 0
A119034_a2 2 31 1 0 0 1 0 0 1 0 1 0 0 0 0 0 0 1 0 0 0 0 0 0 0 0 0 0 0 1 1 0 1
A119034_a3 3 31 1 1 0 0 2 0 0 2 2 0 2 0 2 2 2 2 0 0 2 2 0 2 1 0 2 0 2 0 1 0 1
A119034_a4 4 31 1 0 2 3 0 2 1 0 1 2 0 2 0 0 0 1 2 2 0 2 2 0 2 2 0 2 0 1 1 2 1
A122840_a2 2 105 0 0 0 0 0 0 0 0 0 1 0 0 0 0 0 0 0 0 0 1 0 0 0 0 0 0 0 0 0 1 0 0 0 0 0 0 0 0 0 1 0 0 0 0 0 0 0 0 0 1 0 0 0 0 0 0 0 0 0 1 0 0 0 0 0 0 0 0 0 1 0 0 0 0 0 0 0 0 0 1 0 0 0 0 0 0 0 0 0 1 0 0 0 0 0 0 0 0 0 0 0 0 0 0 0
A122840_a3 3 105 0 0 0 0 0 0 0 0 0 1 0 0 0 0 0 0 0 0 0 1 0 0 0 0 0 0 0 0 0 1 0 0 0 0 0 0 0 0 0 1 0 0 0 0 0 0 0 0 0 1 0 0 0 0 0 0 0 0 0 1 0 0 0 0 0 0 0 0 0 1 0 0 0 0 0 0 0 0 0 1 0 0 0 0 0 0 0 0 0 1 0 0 0 0 0 0 0 0 0 2 0 0 0 0 0
A122840_a4 4 105 0 0 0 0 0 0 0 0 0 1 0 0 0 0 0 0 0 0 0 1 0 0 0 0 0 0 0 0 0 1 0 0 0 0 0 0 0 0 0 1 0 0 0 0 0 0 0 0 0 1 0 0 0 0 0 0 0 0 0 1 0 0 0 0 0 0 0 0 0 1 0 0 0 0 0 0 0 0 0 1 0 0 0 0 0 0 0 0 0 1 0 0 0 0 0 0 0 0 0 2 0 0 0 0 0
A125134_a2 2 65 1 0 0 0 1 0 1 0 0 0 1 0 0 0 1 0 0 1 0 1 0 1 0 0 1 0 0 1 0 1 0 0 0 1 0 0 1 0 1 0 0 0 1 0 1 0 0 1 0 0 1 0 1 0 1 0 0 1 0 0 1 0 1 0 0
A125134_a3 3 65 1 2 1 0 1 2 0 1 0 2 0 1 0 2 0 1 0 1 2 0 1 2 0 2 0 1 0 1 2 0 1 0 2 0 1 0 1 2 0 1 0 2 0 1 2 0 2 0 1 0 1 2 0 1 2 0 2 0 1 0 1 2 0 1 0
A125134_a4 4 65 3 0 2 0 1 2 3 0 2 0 1 2 0 2 3 0 2 3 0 1 2 3 0 2 3 0 2 3 0 1 2 0 2 3 0 2 3 0 1 2 0 2 3 0 1 2 0 1 2 0 1 2 3 0 1 2 0 1 2 0 1 2 3 0 2
A136522_a2 2 99 1 1 1 1 1 1 1 1 1 1 0 1 0 0 0 0 0 0 0 0 0 0 1 0 0 0 0 0 0 0 0 0 0 1 0 0 0 0 0 0 0 0 0 0 1 0 0 0 0 0 0 0 0 0 0 1 0 0 0 0 0 0 0 0 0 0 1 0 0 0 0 0 0 0 0 0 0 1 0 0 0 0 0 0 0 0 0 0 1 0 0 0 0 0 0 0 0 0 0
A136522_a3 3 99 1 1 1 1 1 1 1 1 1 1 0 1 0 0 0 0 0 0 0 0 0 0 1 0 0 0 0 0 0 0 0 0 0 1 0 0 0 0 0 0 0 0 0 0 1 0 0 0 0 0 0 0 0 0 0 1 0 0 0 0 0 0 0 0 0 0 1 0 0 0 0 0 0 0 0 0 0 1 0 0 0 0 0 0 0 0 0 0 1 0 0 0 0 0 0 0 0 0 0
A136522_a4 4 99 1 1 1 1 1 1 1 1 1 1 0 1 0 0 0 0 0 0 0 0 0 0 1 0 0 0 0 0 0 0 0 0 0 1 0 0 0 0 0 0 0 0 0 0 1 0 0 0 0 0 0 0 0 0 0 1 0 0 0 0 0 0 0 0 0 0 1 0 0 0 0 0 0 0 0 0 0 1 0 0 0 0 0 0 0 0 0 0 1 0 0 0 0 0 0 0 0 0 0
A156552_a2 2 67 0 1 0 1 0 1 0 1 0 1 0 1 0 1 0 1 0 1 0 1 0 1 0 1 0 1 0 1 0 1 0 1 0 1 0 1 0 1 0 1 0 1 0 1 0 1 0 1 0 1 0 1 0 1 0 1 0 1 0 1 0 1 0 1 0 1 0
A156552_a3 3 67 0 1 2 0 1 2 2 1 0 0 1 2 2 2 1 0 1 1 2 1 0 0 1 2 0 2 2 2 2 0 1 1 1 0 2 0 2 2 0 0 1 1 2 1 1 0 1 2 0 1 1 2 2 2 0 2 0 2 1 1 2 0 2 0 2 0 1
A156552_a4 4 67 0 1 2 3 0 1 0 3 2 1 0 3 0 1 2 3 0 1 0 3 2 1 0 3 0 1 2 3 0 1 0 3 2 1 0 3 0 1 2 3 0 1 0 3 2 1 0 3 0 1 2 3 0 1 0 3 2 1 0 3 0 1 2 3 0 1 0
A161903_a2 2 101 0 1 0 1 0 1 0 1 0 1 0 1 0 1 0 1 0 1 0 1 0 1 0 1 0 1 0 1 0 1 0 1 0 1 0 1 0 1 0 1 0 1 0 1 0 1 0 1 0 1 0 1 0 1 0 1 0 1 0 1 0 1 0 1 0 1 0 1 0 1 0 1 0 1 0 1 0 1 0 1 0 1 0 1 0 1 0 1 0 1 0 1 0 1 0 1 0 1 0 1 0
A161903_a3 3 101 0 0 0 1 0 0 2 1 0 0 0 1 1 1 2 1 0 0 0 1 0 0 2 1 2 2 2 0 1 1 2 1 0 0 0 1 0 0 2 1 0 0 0 1 1 1 2 1 1 1 1 2 1 1 0 2 2 2 2 0 1 1 2 1 0 0 0 1 0 0 2 1 0 0 0 1 1 1 2 1 0 0 0 1 0 0 2 1 2 2 2 0 1 1 2 1 2 2 2 0 2
A161903_a4 4 101 0 3 2 3 0 3 2 1 0 3 2 3 0 3 2 1 0 3 2 3 0 3 2 1 0 3 2 3 0 3 2 1 0 3 2 3 0 3 2 1 0 3 2 3 0 3 2 1 0 3 2 3 0 3 2 1 0 3 2 3 0 3 2 1 0 3 2 3 0 3 2 1 0 3 2 3 0 3 2 1 0 3 2 3 0 3 2 1 0 3 2 3 0 3 2 1 0 3 2 3 0
A163511_a2 2 65 1 0 0 1 0 1 0 1 0 1 0 1 0 1 0 1 0 1 0 1 0 1 0 1 0 1 0 1 0 1 0 1 0 1 0 1 0 1 0 1 0 1 0 1 0 1 0 1 0 1 0 1 0 1 0 1 0 1 0 1 0 1 0 1 0
A163511_a3 3 65 1 2 1 0 2 0 0 2 1 0 0 1 0 0 1 1 2 0 0 2 0 0 2 1 0 0 0 2 2 0 2 2 1 0 0 1 0 0 1 1 0 0 0 2 1 0 2 1 0 0 0 1 0 0 1 2 1 0 0 1 1 0 1 1 2
A163511_a4 4 65 1 2 0 3 0 1 2 1 0 3 2 1 0 3 2 3 0 1 2 1 0 3 2 1 0 1 2 3 0 1 2 3 0 3 2 1 0 3 2 3 0 1 2 1 0 3 2 1 0 3 2 3 0 1 2 1 0 3 2 3 0 1 2 1 0
A175298_a2 2 73 0 1 1 1 1 1 1 1 1 1 1 1 1 1 1 1 1 1 1 1 1 1 1 1 1 1 1 1 1 1 1 1 1 1 1 1 1 1 1 1 1 1 1 1 1 1 1 1 1 1 1 1 1 1 1 1 1 1 1 1 1 1 1 1 1 1 1 1 1 1 1 1 1
A175298_a3 3 73 0 1 0 0 2 2 1 1 0 0 0 0 0 0 0 0 2 2 0 0 0 0 1 1 0 0 0 0 1 1 1 1 0 0 0 0 0 0 0 0 0 0 0 0 0 0 0 0 0 0 0 0 0 0 0 0 0 0 0 0 0 0 0 0 2 2 0 0 1 1 2 2 1
A175298_a4 4 73 0 1 3 3 1 1 3 3 1 1 3 3 3 3 3 3 1 1 3 3 1 1 3 3 3 3 3 3 3 3 3 3 1 1 3 3 1 1 3 3 1 1 3 3 1 1 3 3 3 3 3 3 3 3 3 3 3 3 3 3 3 3 3 3 1 1 3 3 1 1 3 3 1
A179016_a2 2 61 0 1 1 0 1 0 1 1 0 1 1 0 1 0 1 1 0 0 1 1 1 1 0 1 1 0 0 1 1 1 0 1 1 0 1 0 0 0 1 0 1 1 0 0 1 1 1 0 1 1 0 1 0 0 0 0 1 1 0 1 1
A179016_a3 3 61 0 1 0 1 1 2 2 0 1 1 2 2 1 2 2 0 0 1 1 2 0 0 1 1 2 2 0 0 1 2 1 1 2 2 1 1 2 0 1 2 2 0 0 1 1 2 0 2 2 0 0 2 2 0 1 1 1 2 2 1 2
A179016_a4 4 61 0 1 3 0 3 0 3 3 0 3 3 2 3 0 3 3 2 2 1 1 1 3 0 3 3 2 2 1 1 1 2 1 1 0 1 0 0 0 3 0 3 3 2 2 1 1 1 2 1 1 0 1 0 0 0 2 1 1 0 1 1
A206913_a2 2 69 0 1 1 1 1 1 1 1 1 1 1 1 1 1 1 1 1 1 1 1 1 1 1 1 1 1 1 1 1 1 1 1 1 1 1 1 1 1 1 1 1 1 1 1 1 1 1 1 1 1 1 1 1 1 1 1 1 1 1 1 1 1 1 1 1 1 1 1 1
A206913_a3 3 69 0 1 1 0 0 2 2 1 1 0 0 0 0 0 0 0 0 2 2 2 2 0 0 0 0 0 0 0 0 0 0 1 1 0 0 0 0 0 0 0 0 0 0 0 0 0 0 0 0 0 0 0 0 0 0 0 0 0 0 0 0 0 0 0 0 2 2 2 2
A206913_a4 4 69 0 1 1 3 3 1 1 3 3 1 1 1 1 1 1 3 3 1 1 1 1 1 1 1 1 1 1 3 3 3 3 3 3 1 1 1 1 1 1 1 1 1 1 1 1 1 1 1 1 1 1 3 3 3 3 3 3 3 3 3 3 3 3 3 3 1 1 1 1
A206914_a2 2 68 0 1 1 1 1 1 1 1 1 1 1 1 1 1 1 1 1 1 1 1 1 1 1 1 1 1 1 1 1 1 1 1 1 1 1 1 1 1 1 1 1 1 1 1 1 1 1 1 1 1 1 1 1 1 1 1 1 1 1 1 1 1 1 1 1 1 1 1
A206914_a3 3 68 0 1 0 0 2 2 1 1 0 0 0 0 0 0 0 0 2 2 0 0 0 0 0 0 0 0 0 0 1 1 1 1 0 0 0 0 0 0 0 0 0 0 0 0 0 0 0 0 0 0 0 0 0 0 0 0 0 0 0 0 0 0 0 0 2 2 1 1
A206914_a4 4 68 0 1 3 3 1 1 3 3 1 1 3 3 3 3 3 3 1 1 1 1 1 1 3 3 3 3 3 3 3 3 3 3 1 1 1 1 1 1 1 1 1 1 1 1 1 1 3 3 3 3 3 3 3 3 3 3 3 3 3 3 3 3 3 3 1 1 1 1
A225901_a2 2 83 0 1 0 1 0 1 0 1 0 1 0 1 0 1 0 1 0 1 0 1 0 1 0 1 0 1 0 1 0 1 0 1 0 1 0 1 0 1 0 1 0 1 0 1 0 1 0 1 0 1 0 1 0 1 0 1 0 1 0 1 0 1 0 1 0 1 0 1 0 1 0 1 0 1 0 1 0 1 0 1 0 1 0
A225901_a3 3 83 0 1 1 2 2 0 0 1 1 2 2 0 0 1 1 2 2 0 0 1 1 2 2 0 0 1 1 2 2 0 0 1 1 2 2 0 0 1 1 2 2 0 0 1 1 2 2 0 0 1 1 2 2 0 0 1 1 2 2 0 0 1 1 2 2 0 0 1 1 2 2 0 0 1 1 2 2 0 0 1 1 2 2
A225901_a4 4 83 0 1 0 1 2 3 2 3 2 3 0 1 0 1 0 1 2 3 2 3 2 3 0 1 0 1 0 1 2 3 2 3 2 3 0 1 0 1 0 1 2 3 2 3 2 3 0 1 0 1 0 1 2 3 2 3 2 3 0 1 0 1 0 1 2 3 2 3 2 3 0 1 0 1 0 1 2 3 2 3 2 3 0
A233564_a2 2 62 0 1 0 0 1 0 0 1 0 0 1 0 0 0 0 1 0 1 0 0 1 0 0 0 0 0 1 0 0 1 0 0 0 1 0 0 0 0 0 1 0 0 1 0 1 0 0 1 0 0 1 0 0 0 0 0 0 0 1 0 0 1
A233564_a3 3 62 0 1 2 1 2 0 2 0 0 1 2 0 2 0 2 0 1 1 2 1 2 2 0 2 1 1 2 0 2 0 1 0 2 0 1 0 2 2 2 0 1 0 1 2 2 2 0 1 2 1 2 2 0 2 1 2 1 1 2 0 2 0
A233564_a4 4 62 0 1 2 0 1 2 0 1 0 0 1 2 0 0 0 1 2 1 2 0 1 0 0 2 0 0 1 2 0 1 2 0 0 1 0 0 2 0 0 1 2 0 1 2 1 0 0 1 0 0 1 0 0 2 0 0 0 0 1 2 0 1
A235265_a2 2 51 1 1 1 1 1 1 1 1 1 1 1 1 1 1 1 1 1 1 1 1 1 1 1 1 1 1 1 1 1 1 1 1 1 1 1 1 1 1 1 1 1 1 1 1 1 1 1 1 1 1 1
A235265_a3 3 51 0 1 1 1 1 1 1 1 1 1 1 1 1 1 1 1 1 1 1 1 1 1 1 1 1 1 1 1 1 1 1 1 1 1 1 1 1 1 1 1 1 1 1 1 1 1 1 1 1 1 1
A235265_a4 4 51 3 1 3 1 3 3 1 1 1 1 1 1 3 1 3 1 1 1 3 1 3 3 1 1 1 1 3 1 1 3 3 3 1 1 1 3 1 3 3 1 1 3 3 1 3 1 3 3 1 1 1
A235266_a2 2 64 0 1 1 1 1 1 1 1 1 1 1 1 1 1 1 1 1 1 1 1 1 1 1 1 1 1 1 1 1 1 1 1 1 1 1 1 1 1 1 1 1 1 1 1 1 1 1 1 1 1 1 1 1 1 1 1 1 1 1 1 1 1 1 1
A235266_a3 3 64 2 1 2 1 2 2 1 1 1 1 1 1 2 1 2 1 1 1 2 1 2 2 1 1 1 1 2 1 1 2 2 2 1 1 1 2 1 2 2 1 1 2 2 1 2 1 2 2 1 2 1 2 1 2 1 1 1 2 1 2 1 2 2 1
A235266_a4 4 64 2 3 3 1 1 3 3 1 3 1 3 3 1 1 3 1 3 3 3 1 1 3 3 3 3 1 3 3 1 1 3 3 1 3 3 1 1 1 3 1 1 1 3 3 3 1 3 1 1 1 1 1 3 3 3 3 3 3 1 3 1 1 1 3
A235394_a2 2 52 0 1 1 1 1 1 1 1 1 1 1 1 1 1 1 1 1 1 1 1 1 1 1 1 1 1 1 1 1 1 1 1 1 1 1 1 1 1 1 1 1 1 1 1 1 1 1 1 1 1 1 1
A235394_a3 3 52 2 0 2 1 1 2 1 2 1 1 2 2 1 2 2 1 1 1 1 2 2 1 1 2 2 1 1 2 1 1 1 1 1 2 2 1 2 1 1 2 1 1 2 1 1 1 2 1 1 2 1 1
A235394_a4 4 52 2 3 1 3 1 3 1 1 1 3 3 3 3 3 3 1 3 1 1 1 3 1 3 3 1 1 3 1 1 3 3 1 1 1 1 3 3 1 1 3 3 3 3 1 3 3 1 3 3 1 3 1
A235395_a2 2 49 0 1 1 1 1 1 1 1 1 1 1 1 1 1 1 1 1 1 1 1 1 1 1 1 1 1 1 1 1 1 1 1 1 1 1 1 1 1 1 1 1 1 1 1 1 1 1 1 1
A235395_a3 3 49 2 0 2 1 2 2 1 2 1 1 1 1 2 2 1 2 1 1 1 2 2 2 2 2 1 1 1 2 1 2 2 2 2 2 1 2 1 1 2 2 1 1 2 1 1 1 1 1 2
A235395_a4 4 49 2 3 1 3 1 3 3 3 3 1 3 1 1 1 1 1 1 3 1 3 3 3 1 1 3 1 3 3 3 1 1 3 1 3 3 3 1 3 3 1 3 3 1 1 1 1 3 3 3
A235461_a2 2 40 1 1 1 1 1 1 1 1 1 1 1 1 1 1 1 1 1 1 1 1 1 1 1 1 1 1 1 1 1 1 1 1 1 1 1 1 1 1 1 1
A235461_a3 3 40 2 2 2 1 1 1 2 1 2 1 2 1 1 2 2 2 2 1 2 2 1 2 1 1 1 2 1 1 2 1 2 1 1 1 2 2 2 2 1 2
A235461_a4 4 40 1 1 1 1 1 1 1 1 1 1 1 1 1 1 1 1 1 1 1 1 1 1 1 1 1 1 1 1 1 1 1 1 1 1 1 1 1 1 1 1
A235482_a2 2 61 0 1 1 1 1 1 1 1 1 1 1 1 1 1 1 1 1 1 1 1 1 1 1 1 1 1 1 1 1 1 1 1 1 1 1 1 1 1 1 1 1 1 1 1 1 1 1 1 1 1 1 1 1 1 1 1 1 1 1 1 1
A235482_a3 3 61 2 0 1 2 2 1 1 2 1 1 2 1 1 2 1 2 1 1 2 2 2 1 2 2 2 1 1 1 2 1 1 2 1 2 1 2 1 2 2 2 1 1 1 2 1 1 2 1 2 1 2 1 2 2 1 1 2 2 2 1 1
A235482_a4 4 61 2 3 3 3 1 3 1 1 1 3 3 1 1 3 3 1 3 1 3 3 1 3 3 1 1 1 1 3 1 1 3 1 1 3 3 3 3 1 1 1 3 3 3 3 1 3 1 1 1 1 3 3 1 3 3 1 3 3 1 1 3
A255577_a2 2 49 0 0 1 0 0 0 0 0 1 0 0 0 0 0 0 0 0 0 0 1 0 0 0 0 0 0 0 1 0 0 0 0 0 0 0 0 0 0 0 0 0 0 0 0 0 0 0 0 0
A255577_a3 3 49 2 1 2 0 2 0 1 0 1 1 2 0 2 0 1 2 1 2 0 0 1 0 1 2 0 2 1 2 2 1 0 2 0 2 1 0 1 0 2 1 2 1 0 2 0 2 1 0 1
A255577_a4 4 49 2 0 1 2 0 0 0 0 1 0 0 0 0 0 0 0 0 0 0 3 0 0 0 0 0 0 0 1 0 0 0 0 0 0 0 0 0 0 0 0 0 0 0 0 0 0 0 0 0
A261423_a2 2 79 0 1 0 1 0 1 0 1 0 1 1 1 1 1 1 1 1 1 1 1 1 1 0 0 0 0 0 0 0 0 0 0 0 1 1 1 1 1 1 1 1 1 1 1 0 0 0 0 0 0 0 0 0 0 0 1 1 1 1 1 1 1 1 1 1 1 0 0 0 0 0 0 0 0 0 0 0 1 1
A261423_a3 3 79 0 1 2 0 1 2 0 1 2 0 0 2 2 2 2 2 2 2 2 2 2 2 1 1 1 1 1 1 1 1 1 1 1 0 0 0 0 0 0 0 0 0 0 0 2 2 2 2 2 2 2 2 2 2 2 1 1 1 1 1 1 1 1 1 1 1 0 0 0 0 0 0 0 0 0 0 0 2 2
A261423_a4 4 79 0 1 2 3 0 1 2 3 0 1 1 3 3 3 3 3 3 3 3 3 3 3 2 2 2 2 2 2 2 2 2 2 2 1 1 1 1 1 1 1 1 1 1 1 0 0 0 0 0 0 0 0 0 0 0 3 3 3 3 3 3 3 3 3 3 3 2 2 2 2 2 2 2 2 2 2 2 1 1
A262038_a2 2 77 0 1 0 1 0 1 0 1 0 1 1 1 0 0 0 0 0 0 0 0 0 0 0 1 1 1 1 1 1 1 1 1 1 1 0 0 0 0 0 0 0 0 0 0 0 1 1 1 1 1 1 1 1 1 1 1 0 0 0 0 0 0 0 0 0 0 0 1 1 1 1 1 1 1 1 1 1
A262038_a3 3 77 0 1 2 0 1 2 0 1 2 0 2 2 1 1 1 1 1 1 1 1 1 1 1 0 0 0 0 0 0 0 0 0 0 0 2 2 2 2 2 2 2 2 2 2 2 1 1 1 1 1 1 1 1 1 1 1 0 0 0 0 0 0 0 0 0 0 0 2 2 2 2 2 2 2 2 2 2
A262038_a4 4 77 0 1 2 3 0 1 2 3 0 1 3 3 2 2 2 2 2 2 2 2 2 2 2 1 1 1 1 1 1 1 1 1 1 1 0 0 0 0 0 0 0 0 0 0 0 3 3 3 3 3 3 3 3 3 3 3 2 2 2 2 2 2 2 2 2 2 2 1 1 1 1 1 1 1 1 1 1
A263273_a2 2 82 0 1 0 1 0 1 0 1 0 1 0 1 0 1 0 1 0 1 0 1 0 1 0 1 0 1 0 1 0 1 0 1 0 1 0 1 0 1 0 1 0 1 0 1 0 1 0 1 0 1 0 1 0 1 0 1 0 1 0 1 0 1 0 1 0 1 0 1 0 1 0 1 0 1 0 1 0 1 0 1 0 1
A263273_a3 3 82 0 1 2 0 1 1 0 2 2 0 1 1 0 1 1 0 1 1 0 2 2 0 2 2 0 2 2 0 1 1 0 1 1 0 1 1 0 1 1 0 1 1 0 1 1 0 1 1 0 1 1 0 1 1 0 2 2 0 2 2 0 2 2 0 2 2 0 2 2 0 2 2 0 2 2 0 2 2 0 2 2 0
A263273_a4 4 82 0 1 2 3 0 3 2 1 0 1 2 3 0 1 2 1 0 1 2 3 0 3 2 3 0 1 2 3 0 3 2 1 0 1 2 1 0 3 2 3 0 3 2 1 0 3 2 1 0 3 2 3 0 3 2 1 0 1 2 1 0 3 2 1 0 3 2 1 0 1 2 1 0 3 2 3 0 3 2 1 0 1
A265509_a2 2 77 1 1 1 1 1 1 1 1 1 1 1 1 1 1 1 1 1 1 1 1 1 1 1 1 1 1 1 1 1 1 1 1 1 1 1 1 1 1 1 1 1 1 1 1 1 1 1 1 1 1 1 1 1 1 1 1 1 1 1 1 1 1 1 1 1 1 1 1 1 1 1 1 1 1 1 1 1
A265509_a3 3 77 1 0 2 1 0 0 0 0 2 2 0 0 2 0 0 1 0 0 0 0 0 0 0 0 0 0 0 0 0 0 0 0 2 2 2 2 1 1 1 1 2 2 1 1 1 1 0 0 2 0 2 0 1 2 1 2 2 0 1 2 1 2 0 1 0 0 0 0 0 0 0 0 0 0 0 0 0
A265509_a4 4 77 1 3 1 3 1 1 1 3 1 1 1 1 1 3 1 3 1 1 1 1 1 1 1 1 1 3 1 3 1 3 1 3 1 1 1 1 1 1 1 1 1 1 1 1 1 1 1 1 1 3 1 3 1 3 1 3 1 3 1 3 1 3 1 3 1 1 1 1 1 1 1 1 1 1 1 1 1
A270929_a2 2 39 1 0 1 0 1 0 0 0 0 0 1 1 0 0 0 0 1 0 0 0 1 0 0 0 0 1 0 0 0 0 1 0 1 1 1 0 0 0 1
A270929_a3 3 39 1 2 0 1 0 2 0 2 2 1 0 0 2 2 1 1 1 0 1 1 0 1 0 0 2 1 2 2 2 2 0 2 0 0 0 2 2 2 0
A270929_a4 4 39 1 2 3 0 3 0 0 0 2 0 3 1 0 2 0 2 3 0 0 0 1 0 2 0 0 1 2 0 2 0 3 0 3 3 1 0 2 0 1
A276086_a2 2 74 1 0 1 0 1 0 1 0 1 0 1 0 1 0 1 0 1 0 1 0 1 0 1 0 1 0 1 0 1 0 1 0 1 0 1 0 1 0 1 0 1 0 1 0 1 0 1 0 1 0 1 0 1 0 1 0 1 0 1 0 1 0 1 0 1 0 1 0 1 0 1 0 1 0
A276086_a3 3 74 1 2 0 0 0 0 2 1 0 0 0 0 1 2 0 0 0 0 2 1 0 0 0 0 1 2 0 0 0 0 1 2 0 0 0 0 2 1 0 0 0 0 1 2 0 0 0 0 2 1 0 0 0 0 1 2 0 0 0 0 1 2 0 0 0 0 2 1 0 0 0 0 1 2
A276086_a4 4 74 1 2 3 2 1 2 1 2 3 2 1 2 1 2 3 2 1 2 1 2 3 2 1 2 1 2 3 2 1 2 3 2 1 2 3 2 3 2 1 2 3 2 3 2 1 2 3 2 3 2 1 2 3 2 3 2 1 2 3 2 1 2 3 2 1 2 1 2 3 2 1 2 1 2
A276150_a2 2 121 0 1 1 0 0 1 1 0 0 1 1 0 0 1 1 0 0 1 1 0 0 1 1 0 0 1 1 0 0 1 1 0 0 1 1 0 0 1 1 0 0 1 1 0 0 1 1 0 0 1 1 0 0 1 1 0 0 1 1 0 0 1 1 0 0 1 1 0 0 1 1 0 0 1 1 0 0 1 1 0 0 1 1 0 0 1 1 0 0 1 1 0 0 1 1 0 0 1 1 0 0 1 1 0 0 1 1 0 0 1 1 0 0 1 1 0 0 1 1 0 0
A276150_a3 3 121 0 1 1 2 2 0 1 2 2 0 0 1 2 0 0 1 1 2 0 1 1 2 2 0 1 2 2 0 0 1 1 2 2 0 0 1 2 0 0 1 1 2 0 1 1 2 2 0 1 2 2 0 0 1 2 0 0 1 1 2 2 0 0 1 1 2 0 1 1 2 2 0 1 2 2 0 0 1 2 0 0 1 1 2 0 1 1 2 2 0 0 1 1 2 2 0 1 2 2 0 0 1 2 0 0 1 1 2 0 1 1 2 2 0 1 2 2 0 0 1 1
A276150_a4 4 121 0 1 1 2 2 3 1 2 2 3 3 0 2 3 3 0 0 1 3 0 0 1 1 2 0 1 1 2 2 3 1 2 2 3 3 0 2 3 3 0 0 1 3 0 0 1 1 2 0 1 1 2 2 3 1 2 2 3 3 0 2 3 3 0 0 1 3 0 0 1 1 2 0 1 1 2 2 3 1 2 2 3 3 0 2 3 3 0 0 1 3 0 0 1 1 2 0 1 1 2 2 3 1 2 2 3 3 0 2 3 3 0 0 1 3 0 0 1 1 2 0
A276156_a2 2 66 0 1 0 1 0 1 0 1 0 1 0 1 0 1 0 1 0 1 0 1 0 1 0 1 0 1 0 1 0 1 0 1 0 1 0 1 0 1 0 1 0 1 0 1 0 1 0 1 0 1 0 1 0 1 0 1 0 1 0 1 0 1 0 1 0 1
A276156_a3 3 66 0 1 2 0 0 1 2 0 0 1 2 0 0 1 2 0 0 1 2 0 0 1 2 0 0 1 2 0 0 1 2 0 0 1 2 0 0 1 2 0 0 1 2 0 0 1 2 0 0 1 2 0 0 1 2 0 0 1 2 0 0 1 2 0 0 1
A276156_a4 4 66 0 1 2 3 2 3 0 1 2 3 0 1 0 1 2 3 2 3 0 1 0 1 2 3 0 1 2 3 2 3 0 1 2 3 0 1 0 1 2 3 0 1 2 3 2 3 0 1 0 1 2 3 2 3 0 1 2 3 0 1 0 1 2 3 2 3
A278038_a2 2 45 0 1 0 1 0 1 0 0 1 0 1 0 1 0 1 0 1 0 1 0 0 1 0 1 0 1 0 1 0 1 0 0 1 0 1 0 1 0 1 0 1 0 1 0 0
A278038_a3 3 45 0 1 1 2 1 2 2 1 2 2 0 2 0 1 2 2 0 2 0 0 2 0 0 1 1 2 2 0 2 0 0 2 0 0 1 0 1 2 0 0 1 0 1 1 1
A278038_a4 4 45 0 1 2 3 0 1 2 0 1 2 3 0 1 0 1 2 3 0 1 2 0 1 2 3 0 1 2 3 0 1 2 0 1 2 3 0 1 0 1 2 3 0 1 2 0
A278222_a2 2 99 1 0 0 0 0 0 0 0 0 0 0 0 0 0 0 0 0 0 0 0 0 0 0 0 0 0 0 0 0 0 0 0 0 0 0 0 0 0 0 0 0 0 0 0 0 0 0 0 0 0 0 0 0 0 0 0 0 0 0 0 0 0 0 0 0 0 0 0 0 0 0 0 0 0 0 0 0 0 0 0 0 0 0 0 0 0 0 0 0 0 0 0 0 0 0 0 0 0 0
A278222_a3 3 99 1 2 2 1 2 0 1 2 2 0 0 0 1 0 2 1 2 0 0 0 0 0 0 0 1 0 0 0 2 0 1 2 2 0 0 0 0 0 0 0 0 0 0 0 0 0 0 0 1 0 0 0 0 0 0 0 2 0 0 0 1 0 2 1 2 0 0 0 0 0 0 0 0 0 0 0 0 0 0 0 0 0 0 0 0 0 0 0 0 0 0 0 0 0 0 0 1 0 0
A278222_a4 4 99 1 2 2 0 2 2 0 0 2 2 2 0 0 0 0 0 2 2 2 0 2 2 0 0 0 0 0 0 0 0 0 0 2 2 2 0 2 2 0 0 2 2 2 0 0 0 0 0 0 0 0 0 0 0 0 0 0 0 0 0 0 0 0 0 2 2 2 0 2 2 0 0 2 2 2 0 0 0 0 0 2 2 2 0 2 2 0 0 0 0 0 0 0 0 0 0 0 0 0
A296712_a2 2 57 1 0 1 0 1 0 1 0 1 1 0 1 0 1 0 1 0 1 1 0 1 0 1 0 1 0 1 1 0 1 0 1 0 0 1 0 1 0 1 0 1 0 0 1 0 1 0 1 0 1 0 1 0 1 0 0 1
A296712_a3 3 57 1 2 0 1 2 0 1 2 0 2 1 0 2 1 0 2 1 0 2 0 1 2 0 1 2 0 1 0 0 1 1 2 0 2 0 1 2 0 1 2 0 1 1 2 0 1 2 0 2 0 1 2 0 1 2 0 1
A296712_a4 4 57 1 2 3 0 1 2 3 0 1 3 2 1 0 3 2 1 0 3 1 2 3 0 1 2 3 0 1 3 0 1 2 3 0 0 1 2 3 2 3 0 1 2 0 1 2 3 0 1 2 3 0 1 2 3 0 0 1
A296882_a2 2 67 1 0 1 0 1 0 1 0 1 0 1 0 1 0 1 0 1 0 1 0 1 0 1 0 1 0 1 0 1 0 1 0 1 0 1 0 1 0 1 0 1 0 1 0 1 0 1 0 1 0 1 0 1 0 1 0 1 0 1 0 1 0 1 0 1 0 1
A296882_a3 3 67 1 2 0 1 2 0 1 2 0 1 2 0 1 2 0 1 2 0 1 2 0 1 2 0 1 2 0 1 2 0 1 2 0 1 2 0 1 2 0 1 2 0 1 2 0 1 2 0 1 2 0 1 2 0 1 2 0 1 2 0 1 2 0 1 2 0 1
A296882_a4 4 67 1 2 3 0 1 2 3 0 1 2 3 0 1 2 3 0 1 2 3 0 1 2 3 0 1 2 3 0 1 2 3 0 1 2 3 0 1 2 3 0 1 2 3 0 1 2 3 0 1 2 3 0 1 2 3 0 1 2 3 0 1 2 3 0 1 2 3
A297330_a2 2 86 0 0 0 0 0 0 0 0 0 1 0 1 0 1 0 1 0 1 0 0 1 0 1 0 1 0 1 0 1 1 0 1 0 1 0 1 0 1 0 0 1 0 1 0 1 0 1 0 1 1 0 1 0 1 0 1 0 1 0 0 1 0 1 0 1 0 1 0 1 1 0 1 0 1 0 1 0 1 0 0 1 0 1 0 1 0
A297330_a3 3 86 0 0 0 0 0 0 0 0 0 1 0 1 2 0 1 2 0 1 2 2 1 0 1 2 0 1 2 0 1 0 2 1 0 1 2 0 1 2 0 1 0 2 1 0 1 2 0 1 2 2 1 0 2 1 0 1 2 0 1 0 2 1 0 2 1 0 1 2 0 1 0 2 1 0 2 1 0 1 2 2 1 0 2 1 0 2
A297330_a4 4 86 0 0 0 0 0 0 0 0 0 1 0 1 2 3 0 1 2 3 0 2 1 0 1 2 3 0 1 2 3 3 2 1 0 1 2 3 0 1 2 0 3 2 1 0 1 2 3 0 1 1 0 3 2 1 0 1 2 3 0 2 1 0 3 2 1 0 1 2 3 3 2 1 0 3 2 1 0 1 2 0 3 2 1 0 3 2
A297770_a2 2 86 1 0 1 0 0 0 1 0 0 0 1 0 1 0 1 0 0 1 1 1 0 1 1 0 1 1 0 0 1 0 1 0 0 1 1 0 1 0 1 1 1 0 1 0 1 1 1 0 1 0 0 0 1 0 1 0 1 1 1 0 1 0 1 0 0 1 1 1 1 0 1 1 0 1 0 1 0 0 1 1 1 1 0 1 0 1
A297770_a3 3 86 1 2 1 2 2 2 1 2 2 2 0 2 0 2 1 2 2 0 0 0 2 0 0 2 0 0 2 2 0 2 1 2 2 0 0 2 0 1 0 0 0 2 0 1 0 0 0 2 0 1 2 1 0 2 0 2 0 0 0 2 0 2 1 2 2 0 0 0 0 1 0 0 2 0 1 0 1 1 0 0 0 0 1 0 2 0
A297770_a4 4 86 1 2 1 2 2 2 1 2 2 2 3 2 3 2 1 2 2 3 3 3 2 3 3 2 3 3 2 2 3 2 1 2 2 3 3 2 3 0 3 3 3 2 3 0 3 3 3 2 3 0 2 0 3 2 3 2 3 3 3 2 3 2 1 2 2 3 3 3 3 0 3 3 2 3 0 3 0 0 3 3 3 3 0 3 2 3
A317905_a2 2 87 0 1 1 0 1 0 1 1 1 1 1 1 0 1 1 0 1 1 1 1 0 1 0 1 1 1 1 0 1 1 0 1 1 1 1 1 1 0 1 0 1 1 1 0 0 1 1 1 1 1 1 1 1 1 1 1 1 0 1 1 1 1 1 1 1 0 0 0 1 1 1 1 0 1 1 0 1 1 1 1 1 1 0 1 1 1 1
A317905_a3 3 87 0 1 1 2 1 2 1 1 1 1 1 1 1 1 1 2 1 1 1 1 2 0 2 1 1 1 1 2 1 1 2 1 1 1 1 1 1 2 1 2 1 1 1 2 2 1 1 1 0 1 0 1 1 1 1 1 1 0 1 1 0 1 1 1 1 2 2 2 1 1 1 1 2 1 1 2 1 1 1 1 1 1 2 1 2 1 1
A317905_a4 4 87 0 1 1 2 1 2 1 1 1 1 1 1 0 1 1 2 1 1 1 1 2 3 2 1 1 1 1 2 1 1 2 1 1 1 1 1 1 2 1 2 1 1 1 2 2 1 1 1 3 1 3 1 1 1 1 1 1 2 1 1 3 1 1 1 1 2 2 2 1 1 1 1 2 1 1 2 1 1 1 1 1 1 2 1 1 1 1
A318928_a2 2 95 1 0 1 1 0 1 1 1 1 0 0 0 0 1 1 1 1 1 0 0 0 1 0 1 0 0 1 1 0 1 1 1 1 1 1 1 1 0 1 0 1 0 0 1 0 1 0 1 1 1 0 0 0 1 1 0 1 0 1 1 0 1 1 1 1 1 1 1 1 1 0 1 1 1 0 0 1 1 1 0 1 0 0 0 0 1 0 1 1 0 1 1 0 1 0
A318928_a3 3 95 1 2 1 0 2 0 1 0 0 2 1 2 1 0 1 0 0 2 1 1 2 2 1 0 1 1 0 0 1 0 1 0 0 2 0 0 2 1 0 1 2 2 1 0 1 2 1 0 0 0 2 1 1 0 0 2 0 1 0 0 1 0 1 0 0 2 0 0 2 0 1 0 0 2 0 1 2 0 0 1 2 1 1 1 2 2 1 2 2 1 2 2 1 2 1
A318928_a4 4 95 1 2 1 3 2 3 1 3 3 2 0 2 0 3 1 3 3 1 0 0 2 1 0 3 0 0 3 3 0 3 1 3 3 1 3 3 1 0 3 0 1 2 0 3 0 1 0 3 3 3 2 0 0 3 3 2 3 0 3 3 0 3 1 3 3 1 3 3 1 3 0 3 3 1 2 0 1 3 3 0 1 0 0 0 2 1 0 1 1 0 1 1 0 1 0
A326031_a2 2 88 0 1 1 0 0 1 1 0 1 0 0 1 1 0 0 1 0 1 1 0 0 1 1 0 1 0 0 1 1 0 0 1 0 1 1 0 0 1 1 0 1 0 0 1 1 0 0 1 0 1 1 0 0 1 1 0 1 0 0 1 1 0 0 1 1 0 0 1 1 0 0 1 0 1 1 0 0 1 1 0 1 0 0 1 1 0 0 1
A326031_a3 3 88 0 1 1 2 2 0 0 1 1 2 2 0 0 1 1 2 2 0 0 1 1 2 2 0 0 1 1 2 2 0 0 1 2 0 0 1 1 2 2 0 0 1 1 2 2 0 0 1 1 2 2 0 0 1 1 2 2 0 0 1 1 2 2 0 0 1 1 2 2 0 0 1 1 2 2 0 0 1 1 2 2 0 0 1 1 2 2 0
A326031_a4 4 88 0 1 1 2 2 3 3 0 1 2 2 3 3 0 0 1 2 3 3 0 0 1 1 2 3 0 0 1 1 2 2 3 2 3 3 0 0 1 1 2 3 0 0 1 1 2 2 3 0 1 1 2 2 3 3 0 1 2 2 3 3 0 0 1 3 0 0 1 1 2 2 3 0 1 1 2 2 3 3 0 1 2 2 3 3 0 0 1
A327860_a2 2 65 0 1 1 1 0 1 1 1 0 1 1 1 0 1 1 1 0 1 1 1 0 1 1 1 0 1 1 1 0 1 1 1 0 1 1 1 0 1 1 1 0 1 1 1 0 1 1 1 0 1 1 1 0 1 1 1 0 1 1 1 0 1 1 1 0
A327860_a3 3 65 0 1 1 2 0 0 1 1 2 1 0 0 1 0 1 2 0 0 0 2 2 1 0 0 2 2 1 2 0 0 1 0 1 2 0 0 0 2 2 1 0 0 2 2 1 2 0 0 2 0 2 1 0 0 0 1 1 2 0 0 2 2 1 2 0
A327860_a4 4 65 0 1 1 1 2 1 1 3 0 3 3 3 2 1 3 1 0 1 3 3 2 3 1 3 0 1 1 1 2 1 1 1 2 1 3 1 0 3 3 3 2 3 3 1 0 1 1 1 2 3 1 3 0 3 1 1 2 1 3 1 2 1 3 1 0
A328596_a2 2 59 1 0 0 0 0 0 0 0 0 0 0 0 0 0 0 0 0 0 0 0 0 0 0 0 0 0 0 0 0 0 0 0 0 0 0 0 0 0 0 0 0 0 0 0 0 0 0 0 0 0 0 0 0 0 0 0 0 0 0
A328596_a3 3 59 1 2 1 0 2 0 2 1 2 0 2 1 0 2 1 2 0 1 2 1 0 2 1 0 2 0 1 2 0 1 2 1 0 1 2 1 0 2 1 0 2 0 2 1 2 0 1 2 0 1 2 0 2 1 2 0 2 1 2
A328596_a4 4 59 1 2 0 2 0 0 2 0 0 0 2 0 2 0 0 0 0 0 0 2 0 2 0 0 0 0 0 0 0 0 0 2 0 0 0 2 0 2 0 2 0 0 0 0 0 0 0 0 0 0 0 0 0 0 0 0 2 0 0
A333219_a2 2 82 1 0 1 0 1 0 0 0 1 0 1 0 0 0 0 0 1 0 1 0 1 0 0 0 0 0 0 0 0 0 0 0 1 0 1 0 1 0 0 0 1 0 1 0 0 0 0 0 0 0 0 0 0 0 0 0 0 0 0 0 0 0 0 0 1 0 1 0 1 0 0 0 1 0 1 0 0 0 0 0 1 0
A333219_a3 3 82 1 2 0 1 2 0 0 2 1 1 0 0 1 0 0 1 2 2 0 2 0 0 0 0 2 2 0 0 2 0 0 2 1 1 0 1 1 0 0 1 0 0 0 0 0 0 0 0 1 1 0 1 0 0 0 0 1 1 0 0 1 0 0 1 2 2 0 2 2 0 0 2 2 2 0 0 2 0 0 2 0 0
A333219_a4 4 82 1 2 3 0 1 2 2 0 3 2 1 0 2 0 0 0 3 2 3 0 3 2 2 0 2 0 2 0 0 0 0 0 1 2 1 0 1 2 2 0 1 2 3 0 2 0 0 0 2 0 2 0 2 0 0 0 0 0 0 0 0 0 0 0 1 2 1 0 3 2 2 0 3 2 1 0 2 0 0 0 1 2
A337287_a2 2 61 0 1 0 0 1 0 1 1 0 0 1 0 1 1 0 1 0 1 0 0 1 1 0 1 0 1 0 1 0 1 1 0 1 0 0 1 0 1 0 1 0 1 0 0 1 1 0 1 1 0 1 0 0 1 1 0 1 0 1 0 1
A337287_a3 3 61 0 0 1 2 0 1 2 2 0 1 2 2 0 1 2 0 1 1 2 0 1 2 0 1 2 2 0 0 0 1 2 0 1 2 0 1 2 0 0 1 1 1 2 0 1 1 1 2 0 1 2 0 0 1 2 0 1 2 2 0 0
A337287_a4 4 61 2 1 2 2 3 2 3 3 0 2 1 0 1 3 2 3 2 1 2 2 3 1 0 1 0 3 0 1 0 1 1 2 1 2 0 3 0 3 2 3 0 3 0 0 1 1 0 1 1 2 1 2 2 3 1 0 1 0 3 0 1
A367905_a2 2 88 1 1 1 1 0 1 1 0 1 1 1 1 0 1 1 0 0 1 0 1 1 1 1 0 1 0 1 0 1 0 0 0 0 0 1 1 1 1 1 0 1 1 0 0 1 0 0 0 1 1 1 0 0 0 0 0 1 0 0 0 0 0 0 0 1 0 0 1 0 1 1 0 0 1 1 0 0 0 0 0 0 1 0 0 1 0 0 0
A367905_a3 3 88 1 1 1 1 2 1 1 0 1 1 1 1 2 1 1 0 2 1 2 1 0 1 1 0 1 0 1 0 1 0 0 0 2 2 1 1 0 1 1 0 1 1 0 0 1 0 0 0 0 1 1 0 2 0 0 0 1 0 0 0 0 0 0 0 0 2 2 1 1 1 1 0 2 1 1 0 2 0 0 0 1 1 2 0 0 0 0 0
A367905_a4 4 88 1 1 1 1 2 1 1 0 1 1 1 1 2 1 1 0 2 1 2 1 3 1 1 0 1 0 1 0 1 0 0 0 2 2 1 1 3 1 1 0 1 1 0 0 1 0 0 0 3 1 1 0 2 0 0 0 1 0 0 0 0 0 0 0 3 2 2 1 0 1 1 0 2 1 1 0 2 0 0 0 0 1 2 0 3 0 0 0
A367907_a2 2 61 1 1 1 1 1 1 0 1 1 0 1 1 0 1 1 1 0 1 1 0 1 0 1 0 1 1 1 1 0 1 1 1 0 1 1 0 1 0 1 0 1 1 1 0 1 1 0 1 0 1 0 1 1 0 1 0 1 0 1 0 1
A367907_a3 3 61 1 0 2 1 0 2 0 1 0 0 1 0 1 2 0 2 0 1 0 1 2 0 1 2 0 2 0 2 0 1 2 1 2 0 2 0 1 2 0 1 2 0 2 0 1 0 1 2 0 1 2 0 2 0 1 2 0 1 2 0 1
A367907_a4 4 61 3 3 3 1 3 1 2 3 3 2 3 1 2 3 3 1 2 3 1 2 3 0 1 2 3 3 3 1 2 3 3 1 2 3 1 2 3 0 1 2 3 3 1 2 3 1 2 3 0 1 2 3 1 2 3 0 1 2 3 0 1
A385776_a2 2 41 0 1 1 1 1 1 1 1 1 1 1 1 1 1 1 1 1 1 1 1 1 1 1 1 1 1 1 1 1 1 1 1 1 1 1 1 1 1 1 1 1
A385776_a3 3 41 2 2 1 2 2 1 1 1 2 1 2 1 1 2 1 1 2 2 1 2 1 2 2 1 1 2 1 2 1 2 2 1 2 2 1 2 1 2 2 2 1
A385776_a4 4 41 2 3 3 1 3 3 3 1 3 3 1 3 1 1 3 3 3 1 1 3 3 1 1 3 3 3 3 3 3 1 3 3 3 3 1 3 3 1 3 1 3
