# omnis-workload v1
# category: oeis_morphic
# loader_version: 1
# oeis_snapshot_sha: 91d5c7ac357112c01677923f85c5f6a5b2178c700bab16da7bcc894a8e225079
# omnis_min_version: 0.1.0
# created_utc: 2025-05-07T00:00:00Z
# matched_sequences: 15
# count: 30
# body_sha256: a74d72026ba5c5cc8433d49eb4efcfb0326ac0e8dc34dcf02f3d67530310e043
# selection_rule: Sequences with 'morphic' in name; nonn enforced where keyword data available
A033819_a2 2 47 0 1 0 1 0 1 0 1 1 1 1 0 1 1 1 1 1 0 1 1 0 1 1 1 1 1 1 1 1 1 1 1 1 1 1 0 1 1 1 1 1 1 1 1 1 0 1
A033819_a3 3 47 0 1 1 2 0 0 0 1 1 0 0 1 0 2 0 2 0 1 1 0 0 1 2 1 2 0 1 1 1 1 0 0 0 0 0 1 0 1 1 2 1 0 2 0 0 0 1
A056033_a2 2 53 0 1 0 1 0 1 0 0 1 1 1 1 0 1 1 1 1 1 1 1 1 1 0 1 1 1 1 0 0 1 1 1 1 1 1 1 1 1 1 1 1 1 1 1 1 1 0 1 1 1 1 1 1
A056033_a3 3 53 2 0 1 1 2 0 0 2 1 1 0 0 2 0 0 0 2 1 0 2 1 0 0 2 1 0 2 1 0 0 2 1 0 2 1 0 1 0 1 0 2 0 2 0 2 1 1 2 1 2 1 0 1
A056036_a2 2 47 0 1 1 0 0 1 1 0 1 1 1 0 1 1 0 1 1 1 1 1 1 1 1 1 1 1 1 0 1 1 1 1 1 1 0 1 1 1 1 1 1 1 1 1 1 1 0
A056036_a3 3 47 2 0 1 2 2 1 0 2 0 1 1 0 2 2 1 0 0 1 0 1 0 2 0 2 0 2 1 1 2 2 0 1 2 2 0 0 2 1 2 1 2 1 0 1 1 2 2
A068407_a2 2 57 0 1 0 1 0 1 0 1 0 1 0 1 0 1 1 1 1 0 1 0 1 1 1 1 1 1 1 1 0 0 1 1 1 1 0 0 1 1 1 1 1 1 1 1 1 1 1 1 1 1 1 1 1 1 0 1 1
A068407_a3 3 57 0 1 2 0 1 2 0 1 2 0 0 1 2 1 1 0 0 2 0 1 0 0 2 1 0 2 1 0 1 0 2 1 0 2 1 0 1 0 2 1 0 2 1 0 1 0 1 0 2 0 2 0 2 1 1 2 1
A068408_a2 2 47 0 1 1 0 0 1 1 0 1 0 1 0 1 0 0 1 0 1 0 1 1 0 1 0 0 1 0 1 0 1 0 1 0 1 0 1 0 1 0 1 0 1 0 1 0 1 0
A068408_a3 3 47 0 1 2 0 1 0 1 0 2 2 1 1 0 0 2 0 1 2 0 1 1 2 0 1 2 0 1 2 0 1 2 0 1 0 0 2 2 1 1 0 0 1 2 0 1 2 0
A072495_a2 2 70 0 1 0 1 0 1 0 1 0 1 1 0 1 0 1 1 1 1 0 1 1 0 1 1 0 1 0 1 1 1 1 0 1 0 1 1 0 1 0 1 1 1 1 0 1 0 1 1 0 1 1 0 1 1 1 1 0 1 0 1 1 0 1 0 1 1 1 1 1 1
A072495_a3 3 70 0 1 2 0 1 2 0 1 2 0 2 0 1 1 2 1 0 2 0 1 0 1 2 1 2 0 0 1 0 2 1 2 2 0 1 0 1 2 2 0 2 1 0 1 1 2 0 2 0 1 0 1 2 1 0 2 0 0 1 2 1 2 0 0 1 0 2 2 2 2
A072496_a2 2 60 0 1 0 1 0 1 1 0 1 1 0 1 1 1 0 1 1 0 1 1 0 1 1 0 1 1 1 0 1 1 0 1 1 0 1 1 1 1 1 0 1 1 0 1 1 1 1 1 1 1 0 1 1 0 1 1 1 1 1 1
A072496_a3 3 60 0 1 1 2 0 0 2 1 1 0 0 1 2 1 0 0 2 2 1 0 2 2 1 1 0 2 0 1 1 0 0 2 1 0 0 2 2 2 1 2 1 0 2 0 2 2 1 1 0 0 1 0 2 1 2 1 1 0 0 2
A076650_a2 2 57 1 0 0 1 1 0 1 0 1 0 1 0 1 0 1 0 1 0 1 0 1 0 1 0 1 0 1 0 1 0 1 0 1 0 1 0 1 0 1 1 0 1 0 1 0 1 0 1 0 1 0 1 0 1 0 1 0
A076650_a3 3 57 2 0 1 0 1 0 2 2 1 1 0 0 1 1 2 2 0 0 1 1 2 2 0 0 1 1 2 2 0 0 1 1 2 2 0 0 1 1 1 2 2 0 0 1 1 2 2 0 0 1 1 2 2 0 0 1 1
A131747_a2 2 20 1 1 1 1 1 0 0 1 0 0 1 1 1 1 0 1 0 1 1 0
A131747_a3 3 20 1 1 1 0 2 2 2 1 2 2 0 0 1 0 2 2 2 2 1 0
A316344_a2 2 87 0 0 0 0 0 1 0 1 0 1 0 0 0 1 0 0 0 1 0 0 0 1 0 1 0 1 0 0 0 1 0 1 0 1 0 0 0 1 0 1 0 1 0 0 0 1 0 0 0 1 0 0 0 1 0 1 0 1 0 0 0 1 0 0 0 1 0 0 0 1 0 1 0 1 0 0 0 1 0 0 0 1 0 0 0 1 0
A316344_a3 3 87 2 2 0 2 0 1 2 1 0 1 2 0 2 1 0 2 0 1 2 0 2 1 0 1 2 1 0 2 0 1 2 1 0 1 2 0 2 1 0 1 2 1 0 2 0 1 2 0 2 1 0 2 0 1 2 1 0 1 2 0 2 1 0 2 0 1 2 0 2 1 0 1 2 1 0 2 0 1 2 0 2 1 0 2 0 1 2
A316345_a2 2 87 0 0 0 0 0 1 1 0 0 1 1 0 0 0 0 0 0 1 1 0 1 0 0 1 1 0 0 1 0 1 1 0 0 1 1 0 1 0 0 1 1 0 0 1 0 1 1 0 0 0 0 0 0 1 1 0 0 1 1 0 0 0 0 0 0 1 1 0 1 0 0 1 1 0 0 1 0 1 1 0 1 0 0 1 0 1 1
A316345_a3 3 87 0 0 0 0 0 1 1 0 0 1 1 0 0 0 0 0 0 1 1 0 1 0 0 1 1 0 0 1 0 1 1 0 0 1 1 0 1 0 0 1 1 0 0 1 0 1 1 0 0 0 0 0 0 1 1 0 0 1 1 0 0 0 0 0 0 1 1 0 1 0 0 1 1 0 0 1 0 1 1 0 1 0 0 1 0 1 1
A316824_a2 2 87 0 0 0 1 1 1 0 0 0 1 1 1 1 1 1 1 1 1 0 0 0 1 1 1 0 0 0 1 1 1 1 1 1 1 1 1 1 1 1 1 1 1 1 1 1 1 1 1 1 1 1 1 1 1 0 0 0 1 1 1 0 0 0 1 1 1 1 1 1 1 1 1 0 0 0 1 1 1 0 0 0 1 1 1 1 1 1
A316824_a3 3 87 0 0 0 1 1 1 0 0 0 1 1 1 1 1 1 1 1 1 0 0 0 1 1 1 0 0 0 1 1 1 1 1 1 1 1 1 1 1 1 1 1 1 1 1 1 1 1 1 1 1 1 1 1 1 0 0 0 1 1 1 0 0 0 1 1 1 1 1 1 1 1 1 0 0 0 1 1 1 0 0 0 1 1 1 1 1 1
A316827_a2 2 91 0 1 1 0 0 1 1 0 1 1 1 1 1 1 1 1 1 1 1 1 0 1 1 0 0 1 1 0 1 1 1 1 1 1 1 1 1 1 1 1 1 1 1 1 1 1 1 1 1 1 1 1 1 1 1 1 1 1 1 1 1 1 1 1 1 1 1 1 1 1 1 1 1 1 1 1 1 1 1 1 1 1 1 1 1 1 1 1 1 1 0
A316827_a3 3 91 0 1 1 2 0 1 1 2 0 0 0 0 0 0 0 0 0 0 0 0 0 1 1 2 0 1 1 2 0 0 0 0 0 0 0 0 0 0 0 0 0 0 0 0 0 0 0 0 0 0 0 0 0 0 0 0 0 0 0 0 0 0 0 0 0 0 0 0 0 0 0 0 0 0 0 0 0 0 0 0 0 0 0 0 0 0 0 0 0 0 0
A317189_a2 2 106 1 0 1 0 0 0 1 0 1 0 1 0 0 0 1 0 0 0 1 0 0 0 1 0 1 0 1 0 0 0 1 0 1 0 1 0 0 0 1 0 1 0 1 0 0 0 1 0 0 0 1 0 0 0 1 0 1 0 1 0 0 0 1 0 0 0 1 0 0 0 1 0 1 0 1 0 0 0 1 0 0 0 1 0 0 0 1 0 1 0 1 0 0 0 1 0 1 0 1 0 0 0 1 0 1 0
A317189_a3 3 106 1 2 1 0 2 0 1 2 1 0 1 2 0 2 1 0 2 0 1 2 0 2 1 0 1 2 1 0 2 0 1 2 1 0 1 2 0 2 1 0 1 2 1 0 2 0 1 2 0 2 1 0 2 0 1 2 1 0 1 2 0 2 1 0 2 0 1 2 0 2 1 0 1 2 1 0 2 0 1 2 0 2 1 0 2 0 1 2 1 0 1 2 0 2 1 0 1 2 1 0 2 0 1 2 1 0
A317948_a2 2 87 0 1 0 0 1 0 1 1 0 0 0 0 1 1 0 1 0 1 0 1 0 0 1 0 1 1 0 0 1 1 0 0 0 1 1 0 0 0 1 1 0 1 0 1 0 1 0 1 0 1 0 1 1 0 0 0 1 0 1 1 0 0 0 1 1 0 1 1 0 0 0 1 1 0 1 0 1 0 0 0 1 1 0 1 0 1 0
A317948_a3 3 87 0 1 0 2 0 0 0 1 2 0 0 2 0 1 0 1 0 1 2 0 0 2 0 0 0 1 2 0 0 1 2 0 2 0 1 0 0 2 0 1 0 1 2 0 0 1 0 1 2 0 0 0 1 2 0 2 0 0 0 1 2 0 2 0 1 0 0 1 2 0 2 0 1 0 1 2 0 0 0 2 0 1 0 1 2 0 0
