# omnis-workload v1
# category: oeis_cellular
# loader_version: 1
# generator_sha: c0ba809b03ae9e1de96766c4fe76347498e23bfd
# oeis_snapshot_sha: 91d5c7ac357112c01677923f85c5f6a5b2178c700bab16da7bcc894a8e225079
# omnis_min_version: 0.1.0
# created_utc: 2025-05-07T00:00:00Z
# matched_sequences: 191
# count: 382
# body_sha256: 44fafd63ddf101818dfdc7beb4150b565032f3b8b2c7c754efefacdd76d59bd7
# selection_rule: Sequences with cellular-automaton-related names; first ~200 reachable
A006447_a2 2 52 1 0 1 1 1 0 1 1 1 0 1 1 1 0 0 1 1 0 0 0 1 0 0 0 0 1 0 1 1 0 0 1 0 0 0 0 0 0 0 0 1 1 1 1 0 0 0 0 0 0 0 1
A006447_a3 3 52 1 2 0 2 2 2 1 1 1 2 1 1 1 1 1 0 0 2 2 0 1 2 2 2 2 1 1 2 0 2 1 1 2 0 2 0 0 1 0 2 1 1 0 2 0 0 2 1 1 0 0 2
A006977_a2 2 33 1 1 1 1 1 1 1 1 1 1 1 1 1 1 1 1 1 1 1 1 1 1 1 1 1 1 1 1 1 1 1 1 1
A006977_a3 3 33 1 0 2 0 2 2 0 2 0 1 1 1 1 0 2 0 2 2 0 2 0 1 1 1 1 0 2 0 2 2 0 2 0
A006978_a2 2 34 1 1 1 1 1 1 1 1 1 1 1 1 1 1 1 1 1 1 1 1 1 1 1 1 1 1 1 1 1 1 1 1 1 1
A006978_a3 3 34 1 0 1 1 1 1 1 2 2 1 2 2 2 2 0 0 1 1 0 1 1 0 2 2 0 1 1 0 1 1 1 0 2 1
A038183_a2 2 26 1 1 1 1 1 1 1 1 1 1 1 1 1 1 1 1 1 1 1 1 1 1 1 1 1 1
A038183_a3 3 26 1 2 2 1 2 1 1 2 2 1 1 2 1 2 2 1 2 1 1 2 1 2 2 1 1 2
A038184_a2 2 23 1 1 1 1 1 1 1 1 1 1 1 1 1 1 1 1 1 1 1 1 1 1 1
A038184_a3 3 23 1 1 0 2 0 0 2 1 0 0 0 0 2 2 2 2 0 0 0 0 0 0 0
A051023_a2 2 102 1 1 0 1 1 1 0 0 1 1 0 0 0 1 0 1 1 0 0 1 0 0 1 1 1 0 1 0 1 1 1 0 0 1 1 1 0 1 0 1 0 1 1 0 0 0 0 1 1 0 0 1 0 1 0 1 1 0 1 0 1 0 1 1 1 1 1 1 0 0 0 0 1 1 1 1 0 0 0 1 0 1 0 1 1 1 0 0 0 0 0 1 0 0 1 0 1 1 0 0 0 1
A051023_a3 3 102 1 1 0 1 1 1 0 0 1 1 0 0 0 1 0 1 1 0 0 1 0 0 1 1 1 0 1 0 1 1 1 0 0 1 1 1 0 1 0 1 0 1 1 0 0 0 0 1 1 0 0 1 0 1 0 1 1 0 1 0 1 0 1 1 1 1 1 1 0 0 0 0 1 1 1 1 0 0 0 1 0 1 0 1 1 1 0 0 0 0 0 1 0 0 1 0 1 1 0 0 0 1
A070886_a2 2 99 1 1 0 1 1 0 0 0 1 1 0 1 0 1 0 1 1 0 0 0 0 0 0 0 1 1 0 1 0 0 0 0 0 1 0 1 1 0 0 0 1 0 0 0 1 0 0 0 1 1 0 1 0 1 0 1 0 1 0 1 0 1 0 1 1 0 0 0 0 0 0 0 0 0 0 0 0 0 0 0 1 1 0 1 0 0 0 0 0 0 0 0 0 0 0 0 0 1 0
A070886_a3 3 99 1 1 0 1 1 0 0 0 1 1 0 1 0 1 0 1 1 0 0 0 0 0 0 0 1 1 0 1 0 0 0 0 0 1 0 1 1 0 0 0 1 0 0 0 1 0 0 0 1 1 0 1 0 1 0 1 0 1 0 1 0 1 0 1 1 0 0 0 0 0 0 0 0 0 0 0 0 0 0 0 1 1 0 1 0 0 0 0 0 0 0 0 0 0 0 0 0 1 0
A070887_a2 2 99 1 1 1 1 1 1 1 1 0 1 1 1 1 1 1 1 1 0 0 0 1 1 1 1 0 0 1 1 1 1 0 1 0 1 1 1 1 1 1 1 1 1 1 0 1 1 1 0 0 0 0 0 1 1 1 1 1 1 0 0 0 0 1 1 0 1 1 1 0 1 0 0 0 1 1 1 1 1 1 1 1 1 1 0 0 1 1 0 0 0 1 1 1 0 0 0 1 0 1
A070887_a3 3 99 1 1 1 1 1 1 1 1 0 1 1 1 1 1 1 1 1 0 0 0 1 1 1 1 0 0 1 1 1 1 0 1 0 1 1 1 1 1 1 1 1 1 1 0 1 1 1 0 0 0 0 0 1 1 1 1 1 1 0 0 0 0 1 1 0 1 1 1 0 1 0 0 0 1 1 1 1 1 1 1 1 1 1 0 0 1 1 0 0 0 1 1 1 0 0 0 1 0 1
A070909_a2 2 99 1 1 1 1 0 1 1 0 1 1 1 0 1 0 1 1 0 1 0 1 1 1 0 1 0 1 0 1 1 0 1 0 1 0 1 1 1 0 1 0 1 0 1 0 1 1 0 1 0 1 0 1 0 1 1 1 0 1 0 1 0 1 0 1 0 1 1 0 1 0 1 0 1 0 1 0 1 1 1 0 1 0 1 0 1 0 1 0 1 0 1 1 0 1 0 1 0 1 0
A070909_a3 3 99 1 1 1 1 0 1 1 0 1 1 1 0 1 0 1 1 0 1 0 1 1 1 0 1 0 1 0 1 1 0 1 0 1 0 1 1 1 0 1 0 1 0 1 0 1 1 0 1 0 1 0 1 0 1 1 1 0 1 0 1 0 1 0 1 0 1 1 0 1 0 1 0 1 0 1 0 1 1 1 0 1 0 1 0 1 0 1 0 1 0 1 1 0 1 0 1 0 1 0
A070950_a2 2 100 1 1 1 1 1 1 0 0 1 1 1 0 1 1 1 1 1 1 0 0 1 0 0 0 1 1 1 0 1 1 1 1 0 1 1 1 1 1 0 0 1 0 0 0 0 1 0 0 1 1 1 0 1 1 1 1 0 0 1 1 1 1 1 1 1 1 0 0 1 0 0 0 1 1 1 0 0 0 0 0 1 1 1 0 1 1 1 1 0 1 1 0 0 1 0 0 0 1 1 1
A070950_a3 3 100 1 1 1 1 1 1 0 0 1 1 1 0 1 1 1 1 1 1 0 0 1 0 0 0 1 1 1 0 1 1 1 1 0 1 1 1 1 1 0 0 1 0 0 0 0 1 0 0 1 1 1 0 1 1 1 1 0 0 1 1 1 1 1 1 1 1 0 0 1 0 0 0 1 1 1 0 0 0 0 0 1 1 1 0 1 1 1 1 0 1 1 0 0 1 0 0 0 1 1 1
A071028_a2 2 99 1 1 0 1 1 0 1 0 1 1 0 1 0 1 0 1 1 0 1 0 1 0 1 0 1 1 0 1 0 1 0 1 0 1 0 1 1 0 1 0 1 0 1 0 1 0 1 0 1 1 0 1 0 1 0 1 0 1 0 1 0 1 0 1 1 0 1 0 1 0 1 0 1 0 1 0 1 0 1 0 1 1 0 1 0 1 0 1 0 1 0 1 0 1 0 1 0 1 0
A071028_a3 3 99 1 1 0 1 1 0 1 0 1 1 0 1 0 1 0 1 1 0 1 0 1 0 1 0 1 1 0 1 0 1 0 1 0 1 0 1 1 0 1 0 1 0 1 0 1 0 1 0 1 1 0 1 0 1 0 1 0 1 0 1 0 1 0 1 1 0 1 0 1 0 1 0 1 0 1 0 1 0 1 0 1 1 0 1 0 1 0 1 0 1 0 1 0 1 0 1 0 1 0
A071029_a2 2 99 1 1 1 1 1 0 0 0 1 1 1 1 0 1 1 1 1 0 0 0 0 0 0 0 1 1 1 1 0 0 0 0 0 1 1 1 1 0 0 0 1 0 0 0 1 0 0 0 1 1 1 1 0 1 1 1 0 1 1 1 0 1 1 1 1 0 0 0 0 0 0 0 0 0 0 0 0 0 0 0 1 1 1 1 0 0 0 0 0 0 0 0 0 0 0 0 0 1 1
A071029_a3 3 99 1 1 1 1 1 0 0 0 1 1 1 1 0 1 1 1 1 0 0 0 0 0 0 0 1 1 1 1 0 0 0 0 0 1 1 1 1 0 0 0 1 0 0 0 1 0 0 0 1 1 1 1 0 1 1 1 0 1 1 1 0 1 1 1 1 0 0 0 0 0 0 0 0 0 0 0 0 0 0 0 1 1 1 1 0 0 0 0 0 0 0 0 0 0 0 0 0 1 1
A071030_a2 2 99 1 1 1 1 1 0 0 0 1 1 1 1 0 1 1 1 1 0 0 0 1 0 0 0 1 1 1 1 0 1 1 1 0 1 1 1 1 0 0 0 1 0 0 0 1 0 0 0 1 1 1 1 0 1 1 1 0 1 1 1 0 1 1 1 1 0 0 0 1 0 0 0 1 0 0 0 1 0 0 0 1 1 1 1 0 1 1 1 0 1 1 1 0 1 1 1 0 1 1
A071030_a3 3 99 1 1 1 1 1 0 0 0 1 1 1 1 0 1 1 1 1 0 0 0 1 0 0 0 1 1 1 1 0 1 1 1 0 1 1 1 1 0 0 0 1 0 0 0 1 0 0 0 1 1 1 1 0 1 1 1 0 1 1 1 0 1 1 1 1 0 0 0 1 0 0 0 1 0 0 0 1 0 0 0 1 1 1 1 0 1 1 1 0 1 1 1 0 1 1 1 0 1 1
A071031_a2 2 99 1 1 1 1 1 1 0 0 1 1 1 0 1 1 1 1 1 1 0 1 1 0 0 0 1 1 1 0 1 1 0 1 0 1 1 1 1 1 0 1 1 0 1 1 1 1 0 0 1 1 1 0 1 1 0 1 1 0 0 0 1 1 1 1 1 1 0 1 1 0 1 1 0 1 0 1 1 0 0 0 1 1 1 0 1 1 0 1 1 0 1 1 1 1 0 1 0 1 1
A071031_a3 3 99 1 1 1 1 1 1 0 0 1 1 1 0 1 1 1 1 1 1 0 1 1 0 0 0 1 1 1 0 1 1 0 1 0 1 1 1 1 1 0 1 1 0 1 1 1 1 0 0 1 1 1 0 1 1 0 1 1 0 0 0 1 1 1 1 1 1 0 1 1 0 1 1 0 1 0 1 1 0 0 0 1 1 1 0 1 1 0 1 1 0 1 1 1 1 0 1 0 1 1
A071032_a2 2 99 1 1 1 1 1 0 0 1 1 1 1 1 1 0 1 1 1 0 0 0 1 0 0 1 1 1 1 1 0 1 1 1 1 0 1 1 1 0 0 1 0 0 0 0 1 0 0 1 1 1 1 1 1 1 1 0 0 1 1 1 1 0 1 1 1 0 0 0 0 0 1 1 1 0 0 0 1 0 0 1 1 1 1 1 0 0 0 1 0 0 1 1 0 1 1 1 1 0 1
A071032_a3 3 99 1 1 1 1 1 0 0 1 1 1 1 1 1 0 1 1 1 0 0 0 1 0 0 1 1 1 1 1 0 1 1 1 1 0 1 1 1 0 0 1 0 0 0 0 1 0 0 1 1 1 1 1 1 1 1 0 0 1 1 1 1 0 1 1 1 0 0 0 0 0 1 1 1 0 0 0 1 0 0 1 1 1 1 1 0 0 0 1 0 0 1 1 0 1 1 1 1 0 1
A071035_a2 2 100 1 1 1 1 1 1 0 1 1 1 1 1 1 1 1 1 1 1 0 0 0 0 0 1 1 1 1 1 1 0 0 0 1 1 1 1 1 1 0 0 1 1 0 1 1 0 0 1 1 1 1 1 1 1 1 1 1 1 1 1 1 1 1 1 1 1 0 0 0 0 0 0 0 0 0 0 0 0 0 1 1 1 1 1 1 0 0 0 0 0 0 0 0 0 0 0 1 1 1 1
A071035_a3 3 100 1 1 1 1 1 1 0 1 1 1 1 1 1 1 1 1 1 1 0 0 0 0 0 1 1 1 1 1 1 0 0 0 1 1 1 1 1 1 0 0 1 1 0 1 1 0 0 1 1 1 1 1 1 1 1 1 1 1 1 1 1 1 1 1 1 1 0 0 0 0 0 0 0 0 0 0 0 0 0 1 1 1 1 1 1 0 0 0 0 0 0 0 0 0 0 0 1 1 1 1
A071036_a2 2 99 1 1 1 1 1 0 1 0 1 1 1 0 1 0 1 1 1 0 0 0 1 0 0 0 1 1 1 1 0 1 1 1 0 1 1 1 1 0 1 0 0 0 1 0 0 0 1 0 1 1 1 0 1 1 0 1 1 1 0 1 1 0 1 1 1 0 0 0 0 0 0 0 1 0 0 0 0 0 0 0 1 1 1 1 0 0 0 0 0 1 1 1 0 0 0 0 0 1 1
A071036_a3 3 99 1 1 1 1 1 0 1 0 1 1 1 0 1 0 1 1 1 0 0 0 1 0 0 0 1 1 1 1 0 1 1 1 0 1 1 1 1 0 1 0 0 0 1 0 0 0 1 0 1 1 1 0 1 1 0 1 1 1 0 1 1 0 1 1 1 0 0 0 0 0 0 0 1 0 0 0 0 0 0 0 1 1 1 1 0 0 0 0 0 1 1 1 0 0 0 0 0 1 1
A071037_a2 2 99 1 1 1 1 1 1 1 0 1 1 1 1 0 0 1 1 1 1 1 0 1 1 1 0 1 1 1 1 0 0 1 1 0 0 1 1 1 1 1 0 1 1 1 0 1 1 1 0 1 1 1 1 0 0 1 1 0 0 1 1 0 0 1 1 1 1 1 0 1 1 1 0 1 1 1 0 1 1 1 0 1 1 1 1 0 0 1 1 0 0 1 1 0 0 1 1 0 0 1
A071037_a3 3 99 1 1 1 1 1 1 1 0 1 1 1 1 0 0 1 1 1 1 1 0 1 1 1 0 1 1 1 1 0 0 1 1 0 0 1 1 1 1 1 0 1 1 1 0 1 1 1 0 1 1 1 1 0 0 1 1 0 0 1 1 0 0 1 1 1 1 1 0 1 1 1 0 1 1 1 0 1 1 1 0 1 1 1 1 0 0 1 1 0 0 1 1 0 0 1 1 0 0 1
A071038_a2 2 99 1 1 1 1 1 0 1 0 1 1 1 1 1 1 1 1 1 0 1 1 1 1 1 0 1 1 1 1 0 1 1 1 0 1 1 1 1 0 1 0 1 0 1 0 1 0 1 0 1 1 1 1 1 1 1 1 1 1 1 1 1 1 1 1 1 0 1 1 1 1 1 1 1 1 1 1 1 1 1 0 1 1 1 1 0 1 1 1 1 1 1 1 1 1 1 1 0 1 1
A071038_a3 3 99 1 1 1 1 1 0 1 0 1 1 1 1 1 1 1 1 1 0 1 1 1 1 1 0 1 1 1 1 0 1 1 1 0 1 1 1 1 0 1 0 1 0 1 0 1 0 1 0 1 1 1 1 1 1 1 1 1 1 1 1 1 1 1 1 1 0 1 1 1 1 1 1 1 1 1 1 1 1 1 0 1 1 1 1 0 1 1 1 1 1 1 1 1 1 1 1 0 1 1
A071047_a2 2 68 1 1 1 0 1 0 1 0 0 0 1 1 0 0 0 1 0 1 0 1 1 1 0 0 1 1 1 0 1 0 1 0 0 0 1 1 0 0 0 1 0 1 0 1 1 1 0 0 1 1 1 0 1 0 1 0 0 0 1 1 0 0 0 1 0 1 0 1
A071047_a3 3 68 1 0 0 0 2 2 0 1 1 2 1 0 1 0 0 0 2 2 0 1 1 2 1 0 1 0 0 0 2 2 0 1 1 2 1 0 1 0 0 0 2 2 0 1 1 2 1 0 1 0 0 0 2 2 0 1 1 2 1 0 1 0 0 0 2 2 0 1
A072272_a2 2 64 1 1 1 1 1 1 1 1 1 1 1 1 1 1 1 1 1 1 1 1 1 1 1 1 1 1 1 1 1 1 1 1 1 1 1 1 1 1 1 1 1 1 1 1 1 1 1 1 1 1 1 1 1 1 1 1 1 1 1 1 1 1 1 1
A072272_a3 3 64 1 2 2 2 2 1 2 1 2 1 1 1 2 1 1 1 2 1 1 1 1 2 1 2 2 1 1 1 1 2 1 2 2 1 1 1 1 2 1 2 1 2 2 2 1 2 2 2 2 1 1 1 1 2 1 2 1 2 2 2 1 2 2 2
A075437_a2 2 102 1 1 1 0 1 1 1 0 0 1 1 0 1 0 0 0 1 1 1 1 1 0 0 0 0 1 1 0 0 0 1 0 0 0 0 0 1 1 1 0 0 1 1 0 0 0 0 0 0 1 1 0 1 0 1 1 1 0 0 0 0 0 0 0 1 1 1 1 1 1 1 0 1 0 0 0 0 0 0 0 0 1 1 0 0 0 0 0 1 1 1 0 0 0 0 0 0 0 0 0 1 1
A075437_a3 3 102 1 1 1 0 1 1 1 0 0 1 1 0 1 0 0 0 1 1 1 1 1 0 0 0 0 1 1 0 0 0 1 0 0 0 0 0 1 1 1 0 0 1 1 0 0 0 0 0 0 1 1 0 1 0 1 1 1 0 0 0 0 0 0 0 1 1 1 1 1 1 1 0 1 0 0 0 0 0 0 0 0 1 1 0 0 0 0 0 1 1 1 0 0 0 0 0 0 0 0 0 1 1
A079314_a2 2 81 1 0 0 0 0 0 0 0 0 0 0 0 0 0 0 0 0 0 0 0 0 0 0 0 0 0 0 0 0 0 0 0 0 0 0 0 0 0 0 0 0 0 0 0 0 0 0 0 0 0 0 0 0 0 0 0 0 0 0 0 0 0 0 0 0 0 0 0 0 0 0 0 0 0 0 0 0 0 0 0 0
A079314_a3 3 81 1 2 2 1 2 1 1 1 2 1 1 1 1 1 1 1 2 1 1 1 1 1 1 1 1 1 1 1 1 1 1 1 2 1 1 1 1 1 1 1 1 1 1 1 1 1 1 1 1 1 1 1 1 1 1 1 1 1 1 1 1 1 1 1 2 1 1 1 1 1 1 1 1 1 1 1 1 1 1 1 1
A079315_a2 2 61 0 1 0 0 0 0 0 0 0 0 0 0 0 0 0 0 0 0 0 0 0 0 0 0 0 0 0 0 0 0 0 0 0 0 0 0 0 0 0 0 0 0 0 0 0 0 0 0 0 0 0 0 0 0 0 0 0 0 0 0 0
A079315_a3 3 61 0 1 1 1 0 1 2 0 2 1 1 0 1 0 1 0 1 1 0 0 0 0 0 0 0 0 0 0 0 0 0 0 0 1 2 0 2 0 2 0 2 0 2 0 2 0 2 0 2 0 2 0 2 0 2 0 2 0 2 0 2
A079316_a2 2 60 1 1 1 1 1 1 1 1 1 1 1 1 1 1 1 1 1 1 1 1 1 1 1 1 1 1 1 1 1 1 1 1 1 1 1 1 1 1 1 1 1 1 1 1 1 1 1 1 1 1 1 1 1 1 1 1 1 1 1 1
A079316_a3 3 60 1 0 0 1 2 2 0 0 2 1 0 2 1 0 2 1 1 2 2 0 0 1 1 2 2 0 0 1 1 2 2 0 1 1 2 2 0 0 1 1 2 2 0 0 1 1 2 2 0 0 1 1 2 2 0 0 1 1 2 2
A079317_a2 2 53 1 1 1 1 1 1 1 1 1 1 1 1 1 1 1 1 1 1 1 1 1 1 1 1 1 1 1 1 1 1 1 1 1 1 1 1 1 1 1 1 1 1 1 1 1 1 1 1 1 1 1 1 1
A079317_a3 3 53 1 2 2 2 0 2 0 2 1 2 1 2 1 2 1 2 2 2 2 2 2 2 2 2 2 2 2 2 2 2 2 2 0 2 0 2 0 2 0 2 0 2 0 2 0 2 0 2 0 2 0 2 0
A085587_a2 2 60 1 1 1 1 1 0 1 1 1 0 1 0 1 0 1 1 1 0 1 0 1 0 1 0 1 0 1 0 1 0 1 1 1 0 1 0 1 0 1 0 1 0 1 0 1 0 1 0 1 0 1 0 1 0 1 0 1 0 1 0
A085587_a3 3 60 1 1 1 1 0 2 1 1 1 0 1 1 0 2 0 1 0 2 1 0 0 2 1 2 0 0 1 1 0 0 1 1 1 0 0 1 0 2 0 0 0 0 1 1 0 2 1 1 1 0 0 0 0 2 0 2 1 0 1 0
A093510_a2 2 67 0 1 0 0 1 1 0 0 1 1 0 0 1 1 0 1 1 0 0 1 1 0 1 1 0 0 1 1 0 1 1 0 1 1 0 0 1 1 0 1 1 0 0 1 1 0 1 1 0 1 1 0 1 1 0 1 1 0 0 1 1 0 0 1 1 0 1
A093510_a3 3 67 2 0 0 2 0 2 0 2 0 2 0 2 0 2 0 1 2 0 2 0 1 2 0 2 0 2 0 2 0 1 2 0 1 2 0 2 0 1 2 0 2 0 2 0 1 2 0 2 0 1 2 0 1 1 2 0 2 0 2 0 2 0 2 0 2 0 1
A093511_a2 2 70 1 1 1 0 1 0 0 0 1 0 0 0 1 0 0 0 0 1 0 0 1 0 0 1 0 0 0 0 1 0 0 0 0 1 0 0 0 1 0 0 1 0 0 1 0 0 0 0 1 0 0 1 0 0 0 0 0 1 0 0 0 1 0 1 0 0 0 0 1 0
A093511_a3 3 70 1 0 2 0 1 2 1 0 1 2 1 0 1 2 1 0 2 0 1 0 1 2 1 2 0 2 1 0 1 2 1 0 2 0 1 0 2 0 1 0 1 2 1 2 0 2 1 0 1 2 1 2 0 2 1 0 2 0 1 0 2 0 1 2 0 2 1 0 1 2
A093512_a2 2 61 1 1 0 0 0 0 0 1 0 0 1 0 0 0 0 1 0 0 1 0 0 1 0 0 0 1 0 0 0 1 0 0 1 0 1 0 0 0 0 0 1 0 1 0 1 0 1 0 1 0 0 0 1 0 0 1 0 1 0 1 0
A093512_a3 3 61 1 0 1 1 1 1 2 0 1 1 2 0 1 1 2 0 1 2 0 1 1 2 0 1 1 2 0 1 2 0 1 2 0 1 2 0 1 1 1 2 0 1 2 0 1 2 0 1 2 0 1 2 0 1 1 2 0 1 2 0 1
A093513_a2 2 66 1 1 0 1 0 1 0 1 0 1 0 1 0 1 0 1 0 1 0 1 0 1 0 1 0 1 0 1 0 1 0 1 0 1 0 1 0 1 0 1 0 1 0 1 0 1 0 1 0 1 0 1 0 1 0 1 0 1 0 1 0 1 0 1 0 1
A093513_a3 3 66 1 0 1 0 1 0 1 0 1 1 2 0 1 0 1 2 0 0 1 0 1 1 2 0 1 1 2 0 1 0 1 2 0 0 1 0 1 2 0 0 1 1 2 0 1 1 2 0 1 2 0 0 1 0 1 0 1 1 2 0 1 2 0 1 2 0
A093514_a2 2 62 0 1 0 1 1 1 1 1 1 1 1 1 1 1 1 1 1 1 1 1 1 1 1 1 1 1 1 1 1 1 1 1 1 1 1 1 1 1 1 1 1 1 1 1 1 1 1 1 1 1 1 1 1 1 1 1 1 1 1 1 1 1
A093514_a3 3 62 2 0 1 0 2 0 2 0 2 1 2 0 1 0 2 0 2 1 2 1 2 0 1 0 2 0 1 0 2 1 2 1 1 0 2 0 2 0 2 1 1 0 2 1 2 0 2 0 1 0 1 0 2 1 2 1 2 0 2 0 2 0
A093516_a2 2 61 1 1 0 0 0 0 1 0 0 1 0 0 0 0 1 0 0 1 0 0 1 0 0 0 1 0 0 0 1 0 0 1 0 1 0 0 0 0 0 1 0 1 0 1 0 1 0 1 0 0 0 1 0 0 1 0 1 0 1 0 0
A093516_a3 3 61 1 0 1 1 1 2 0 1 1 2 0 1 1 2 0 1 2 0 1 1 2 0 1 1 2 0 1 2 0 1 2 0 1 2 0 1 1 1 2 0 1 2 0 1 2 0 1 2 0 1 2 0 1 1 2 0 1 2 0 1 1
A093517_a2 2 64 1 0 1 1 0 1 0 1 0 0 1 0 1 0 1 0 0 1 0 0 1 0 0 1 0 1 0 1 0 0 1 0 1 0 0 0 1 0 0 1 0 1 0 0 1 0 1 0 0 1 0 1 0 1 0 1 0 1 0 0 0 1 0 1
A093517_a3 3 64 1 1 2 1 1 1 1 1 1 2 0 1 1 1 2 0 1 1 1 2 0 1 2 0 1 1 1 2 0 1 1 1 2 0 1 2 0 1 2 0 1 2 0 1 1 1 1 1 2 0 1 2 0 1 2 0 1 2 0 1 2 0 1 1
A100053_a2 2 99 0 0 0 1 1 1 0 0 1 1 0 0 1 0 0 0 0 0 0 1 1 0 0 1 1 1 0 1 0 0 0 1 0 0 1 1 1 0 1 1 1 1 1 1 1 1 1 1 1 0 0 0 0 1 1 1 1 0 1 0 0 1 1 1 0 0 0 0 0 1 0 1 1 0 0 0 0 0 0 0 0 1 1 1 0 0 1 1 1 0 0 0 1 1 1 1 0 0 1
A100053_a3 3 99 0 0 2 1 0 1 1 2 2 0 1 1 0 2 1 2 0 1 1 0 2 1 1 0 2 2 1 0 1 1 1 2 2 0 2 0 2 1 2 0 2 2 2 0 1 2 2 0 1 0 2 0 1 1 2 0 2 0 2 1 1 2 2 0 2 0 1 2 0 2 1 1 2 0 1 0 1 1 0 1 0 1 2 2 1 1 2 0 1 0 1 0 1 2 1 2 2 0 2
A110240_a2 2 26 1 1 1 1 1 1 1 1 1 1 1 1 1 1 1 1 1 1 1 1 1 1 1 1 1 1
A110240_a3 3 26 1 1 1 0 2 1 1 0 0 2 1 0 1 0 2 0 0 1 2 1 0 1 2 1 0 2
A110267_a2 2 53 1 0 1 1 1 0 1 1 0 0 1 1 1 0 1 1 0 1 1 1 0 1 0 0 0 1 1 0 0 0 1 0 0 1 0 0 0 0 0 1 0 1 0 1 1 0 0 1 1 0 1 0 0
A110267_a3 3 53 1 1 1 1 2 2 1 1 2 2 1 0 0 1 2 0 0 1 0 0 0 2 1 2 1 1 0 0 0 1 2 2 1 1 0 1 0 2 1 1 0 2 2 0 2 0 0 0 2 1 2 1 2
A118102_a2 2 105 1 1 1 1 1 1 0 1 1 1 1 1 0 1 1 1 1 1 0 1 0 1 0 1 1 1 1 1 0 1 0 1 0 1 1 1 1 1 0 1 0 1 0 1 0 1 0 1 1 1 1 1 0 1 0 1 0 1 0 1 0 1 1 1 1 1 0 1 0 1 0 1 0 1 0 1 0 1 0 1 1 1 1 1 0 1 0 1 0 1 0 1 0 1 0 1 0 1 1 1 1 1 0 1 0
A118102_a3 3 105 1 1 1 1 1 1 0 1 1 1 1 1 0 1 1 1 1 1 0 1 0 1 0 1 1 1 1 1 0 1 0 1 0 1 1 1 1 1 0 1 0 1 0 1 0 1 0 1 1 1 1 1 0 1 0 1 0 1 0 1 0 1 1 1 1 1 0 1 0 1 0 1 0 1 0 1 0 1 0 1 1 1 1 1 0 1 0 1 0 1 0 1 0 1 0 1 0 1 1 1 1 1 0 1 0
A118108_a2 2 25 1 1 1 1 1 1 1 1 1 1 1 1 1 1 1 1 1 1 1 1 1 1 1 1 1
A118108_a3 3 25 1 1 2 2 0 0 1 1 2 2 0 0 1 1 2 2 0 0 1 1 2 2 0 0 1
A118111_a2 2 105 1 1 1 1 1 1 1 0 1 1 1 1 0 1 1 1 1 1 1 0 1 1 1 0 1 1 1 1 0 1 1 1 0 1 1 1 1 1 1 0 1 1 1 0 1 1 1 0 1 1 1 1 0 1 1 1 0 1 1 1 0 1 1 1 1 1 1 0 1 1 1 0 1 1 1 0 1 1 1 0 1 1 1 1 0 1 1 1 0 1 1 1 0 1 1 1 0 1 1 1 1 1 1 0 1
A118111_a3 3 105 1 1 1 1 1 1 1 0 1 1 1 1 0 1 1 1 1 1 1 0 1 1 1 0 1 1 1 1 0 1 1 1 0 1 1 1 1 1 1 0 1 1 1 0 1 1 1 0 1 1 1 1 0 1 1 1 0 1 1 1 0 1 1 1 1 1 1 0 1 1 1 0 1 1 1 0 1 1 1 0 1 1 1 1 0 1 1 1 0 1 1 1 0 1 1 1 0 1 1 1 1 1 1 0 1
A118171_a2 2 25 1 1 1 1 1 1 1 1 1 1 1 1 1 1 1 1 1 1 1 1 1 1 1 1 1
A118171_a3 3 25 1 1 2 1 0 1 1 1 2 1 0 1 1 1 2 1 0 1 1 1 2 1 0 1 1
A118173_a2 2 35 1 1 1 1 1 1 1 1 1 1 1 1 1 1 1 1 1 1 1 1 1 1 1 1 1 1 1 1 1 1 1 1 1 1 1
A118173_a3 3 35 1 0 2 0 2 1 0 1 0 2 1 2 1 0 2 0 2 1 0 1 0 2 1 2 1 0 2 0 2 1 0 1 0 2 1
A118174_a2 2 105 1 0 1 1 0 0 1 0 1 0 0 0 1 1 1 1 0 0 0 0 1 1 1 0 1 0 0 0 0 0 1 1 0 1 1 1 0 0 0 0 0 0 1 0 1 1 1 0 1 0 0 0 0 0 0 0 1 1 1 1 0 1 1 1 0 0 0 0 0 0 0 0 1 1 1 0 1 1 1 0 1 0 0 0 0 0 0 0 0 0 1 1 0 1 1 1 0 1 1 1 0 0 0 0 0
A118174_a3 3 105 1 0 1 1 0 0 1 0 1 0 0 0 1 1 1 1 0 0 0 0 1 1 1 0 1 0 0 0 0 0 1 1 0 1 1 1 0 0 0 0 0 0 1 0 1 1 1 0 1 0 0 0 0 0 0 0 1 1 1 1 0 1 1 1 0 0 0 0 0 0 0 0 1 1 1 0 1 1 1 0 1 0 0 0 0 0 0 0 0 0 1 1 0 1 1 1 0 1 1 1 0 0 0 0 0
A122108_a2 2 55 1 0 0 0 0 0 0 0 0 0 0 0 0 0 0 0 0 0 0 0 0 0 0 0 0 0 0 0 0 0 0 0 0 0 0 0 0 0 0 0 0 0 0 0 0 0 0 0 0 0 0 0 0 0 0
A122108_a3 3 55 1 1 2 0 2 0 2 1 1 2 2 2 2 1 2 0 2 0 1 0 1 0 2 0 1 0 2 0 2 0 2 1 1 2 2 2 2 1 1 2 2 1 1 1 1 2 2 2 2 1 1 1 1 2 2
A147562_a2 2 52 0 1 1 1 1 1 1 1 1 1 1 1 1 1 1 1 1 1 1 1 1 1 1 1 1 1 1 1 1 1 1 1 1 1 1 1 1 1 1 1 1 1 1 1 1 1 1 1 1 1 1 1
A147562_a3 3 52 0 1 2 0 0 1 1 1 1 2 2 2 2 2 2 2 2 0 0 0 0 0 0 0 0 0 0 0 0 0 0 0 0 1 1 1 1 1 1 1 1 1 1 1 1 1 1 1 1 1 1 1
A151723_a2 2 47 0 1 1 1 1 1 1 1 1 1 1 1 1 1 1 1 1 1 1 1 1 1 1 1 1 1 1 1 1 1 1 1 1 1 1 1 1 1 1 1 1 1 1 1 1 1 1
A151723_a3 3 47 0 1 1 1 1 1 1 1 1 1 1 1 1 1 1 1 1 1 1 1 1 1 1 1 1 1 1 1 1 1 1 1 1 1 1 1 1 1 1 1 1 1 1 1 1 1 1
A151725_a2 2 48 0 1 1 1 1 1 1 1 1 1 1 1 1 1 1 1 1 1 1 1 1 1 1 1 1 1 1 1 1 1 1 1 1 1 1 1 1 1 1 1 1 1 1 1 1 1 1 1
A151725_a3 3 48 0 1 0 1 0 1 0 2 1 2 1 0 2 0 0 1 0 1 0 2 1 2 2 0 2 0 0 0 2 1 2 1 0 1 0 2 1 2 2 0 2 0 0 0 2 1 2 1
A151731_a2 2 48 0 0 0 0 0 0 0 0 0 0 0 0 0 0 0 0 0 0 0 0 0 0 0 0 0 0 0 0 0 0 0 0 0 0 0 0 0 0 0 0 0 0 0 0 0 0 0 0
A151731_a3 3 48 0 2 0 2 2 2 1 0 1 1 0 2 2 1 2 2 1 0 2 2 2 2 0 0 1 1 2 1 0 1 1 1 2 2 0 1 1 2 2 1 1 2 1 0 0 0 0 2
A151776_a2 2 36 0 1 1 1 1 1 1 1 1 1 1 1 1 1 1 1 1 1 1 1 1 1 1 1 1 1 1 1 1 1 1 1 1 1 1 1
A151776_a3 3 36 0 1 1 1 1 1 1 1 1 1 1 1 1 1 1 1 1 1 1 1 1 1 1 1 1 1 1 1 1 1 1 1 1 1 1 1
A151895_a2 2 49 0 1 1 1 1 1 1 1 1 1 1 1 1 1 1 1 1 1 1 1 1 1 1 1 1 1 1 1 1 1 1 1 1 1 1 1 1 1 1 1 1 1 1 1 1 1 1 1 1
A151895_a3 3 49 0 1 2 0 1 1 2 2 2 2 1 1 0 1 2 2 2 2 0 2 0 0 0 1 0 1 2 2 0 1 2 1 0 2 0 2 2 1 2 2 0 0 1 2 2 2 1 2 1
A151896_a2 2 66 0 1 0 0 0 0 0 0 0 0 0 0 0 0 0 0 0 0 0 0 0 0 0 0 0 0 0 0 0 0 0 0 0 0 0 0 0 0 0 0 0 0 0 0 0 0 0 0 0 0 0 0 0 0 0 0 0 0 0 0 0 0 0 0 0 0
A151896_a3 3 66 0 1 1 1 1 0 1 0 0 0 2 0 2 1 1 0 0 0 1 2 1 0 0 1 2 1 1 0 1 1 1 2 2 2 1 2 0 2 1 0 1 0 1 1 0 0 2 1 2 2 0 0 2 0 1 2 0 1 2 0 0 1 2 0 1 0
A151922_a2 2 48 1 1 1 1 1 1 1 1 1 1 1 1 1 1 1 1 1 1 1 1 1 1 1 1 1 1 1 1 1 1 1 1 1 1 1 1 1 1 1 1 1 1 1 1 1 1 1 1
A151922_a3 3 48 1 0 2 0 2 0 1 2 1 2 0 1 2 0 1 2 1 2 0 1 2 0 1 2 0 1 2 0 1 2 0 1 0 1 2 0 1 2 0 1 2 0 1 2 0 1 2 0
A160117_a2 2 48 0 1 1 1 1 1 1 1 1 1 1 1 1 1 1 1 1 1 1 1 1 1 1 1 1 1 1 1 1 1 1 1 1 1 1 1 1 1 1 1 1 1 1 1 1 1 1 1
A160117_a3 3 48 0 1 0 1 2 1 2 2 0 1 2 1 2 2 0 1 2 1 2 2 0 1 2 1 2 2 0 1 2 1 2 2 0 1 2 1 2 2 0 1 2 1 2 2 0 1 2 1
A160118_a2 2 50 0 1 1 1 1 1 1 1 1 1 1 1 1 1 1 1 1 1 1 1 1 1 1 1 1 1 1 1 1 1 1 1 1 1 1 1 1 1 1 1 1 1 1 1 1 1 1 1 1 1
A160118_a3 3 50 0 1 0 1 2 0 1 1 1 2 0 0 0 0 0 0 0 1 2 2 2 2 2 2 2 2 2 2 2 2 2 2 2 0 1 1 1 1 1 1 1 1 1 1 1 1 1 1 1 1
A160119_a2 2 41 0 1 1 1 1 1 1 1 1 1 1 1 1 1 1 1 1 1 1 1 1 1 1 1 1 1 1 1 1 1 1 1 1 1 1 1 1 1 1 1 1
A160119_a3 3 41 0 1 0 2 1 0 2 1 0 2 1 0 2 1 0 2 1 0 2 1 0 2 1 0 2 1 0 2 1 0 2 1 0 2 1 0 2 1 0 2 1
A160239_a2 2 64 1 0 0 0 0 0 0 0 0 0 0 0 0 0 0 0 0 0 0 0 0 0 0 0 0 0 0 0 0 0 0 0 0 0 0 0 0 0 0 0 0 0 0 0 0 0 0 0 0 0 0 0 0 0 0 0 0 0 0 0 0 0 0 0
A160239_a3 3 64 1 2 2 0 2 1 0 1 2 1 1 0 0 0 1 2 2 1 1 0 1 2 0 2 0 0 0 0 1 2 2 0 2 1 1 0 1 2 0 2 1 2 2 0 0 0 2 1 0 0 0 0 0 0 0 0 1 2 2 0 2 1 0 1
A160379_a2 2 39 0 1 1 1 1 1 1 1 1 1 1 1 1 1 1 1 1 1 1 1 1 1 1 1 1 1 1 1 1 1 1 1 1 1 1 1 1 1 1
A160379_a3 3 39 0 1 0 2 1 0 2 1 0 2 1 0 2 1 0 2 1 0 2 1 0 2 1 0 2 1 0 2 1 0 2 1 0 2 1 0 2 1 0
A160410_a2 2 48 0 0 0 0 0 0 0 0 0 0 0 0 0 0 0 0 0 0 0 0 0 0 0 0 0 0 0 0 0 0 0 0 0 0 0 0 0 0 0 0 0 0 0 0 0 0 0 0
A160410_a3 3 48 0 1 1 1 1 1 1 1 1 1 1 1 1 1 1 1 1 1 1 1 1 1 1 1 1 1 1 1 1 1 1 1 1 1 1 1 1 1 1 1 1 1 1 1 1 1 1 1
A160412_a2 2 48 0 1 0 1 0 1 0 1 0 1 0 1 0 1 0 1 0 1 0 1 0 1 0 1 0 1 0 1 0 1 0 1 0 1 0 1 0 1 0 1 0 1 0 1 0 1 0 1
A160412_a3 3 48 0 0 0 0 0 0 0 0 0 0 0 0 0 0 0 0 0 0 0 0 0 0 0 0 0 0 0 0 0 0 0 0 0 0 0 0 0 0 0 0 0 0 0 0 0 0 0 0
A160414_a2 2 47 0 1 1 1 1 1 1 1 1 1 1 1 1 1 1 1 1 1 1 1 1 1 1 1 1 1 1 1 1 1 1 1 1 1 1 1 1 1 1 1 1 1 1 1 1 1 1
A160414_a3 3 47 0 1 0 0 1 1 1 1 0 0 0 0 0 0 0 0 1 1 1 1 1 1 1 1 1 1 1 1 1 1 1 1 0 0 0 0 0 0 0 0 0 0 0 0 0 0 0
A160420_a2 2 49 0 1 1 1 1 1 1 1 1 1 1 1 1 1 1 1 1 1 1 1 1 1 1 1 1 1 1 1 1 1 1 1 1 1 1 1 1 1 1 1 1 1 1 1 1 1 1 1 1
A160420_a3 3 49 0 2 1 0 2 0 1 0 2 0 1 2 1 1 0 2 1 2 0 1 0 0 2 0 2 2 2 0 1 0 1 0 2 0 1 2 1 1 0 1 0 0 0 1 2 1 2 0 2
A160422_a2 2 49 0 1 1 1 1 1 1 1 1 1 1 1 1 1 1 1 1 1 1 1 1 1 1 1 1 1 1 1 1 1 1 1 1 1 1 1 1 1 1 1 1 1 1 1 1 1 1 1 1
A160422_a3 3 49 0 1 1 2 0 0 2 1 1 1 0 1 0 2 0 0 1 1 0 1 0 2 0 2 2 1 0 1 1 0 0 0 0 0 2 0 2 1 2 1 1 0 2 0 0 2 2 1 0
A160428_a2 2 40 0 0 0 0 0 0 0 0 0 0 0 0 0 0 0 0 0 0 0 0 0 0 0 0 0 0 0 0 0 0 0 0 0 0 0 0 0 0 0 0
A160428_a3 3 40 0 2 1 0 2 1 0 2 1 0 2 1 0 2 1 0 2 1 0 2 1 0 2 1 0 2 1 0 2 1 0 2 1 0 2 1 0 2 1 0
A160720_a2 2 52 0 1 1 1 1 1 1 1 1 1 1 1 1 1 1 1 1 1 1 1 1 1 1 1 1 1 1 1 1 1 1 1 1 1 1 1 1 1 1 1 1 1 1 1 1 1 1 1 1 1 1 1
A160720_a3 3 52 0 1 2 0 0 1 1 1 2 0 0 0 1 1 2 0 0 1 1 1 2 2 0 1 1 1 2 0 0 1 1 1 2 0 0 0 1 1 2 0 0 0 1 2 2 0 0 0 1 1 2 0
A160722_a2 2 54 0 1 1 1 1 1 1 1 1 1 1 1 1 1 1 1 1 1 1 1 1 1 1 1 1 1 1 1 1 1 1 1 1 1 1 1 1 1 1 1 1 1 1 1 1 1 1 1 1 1 1 1 1 1
A160722_a3 3 54 0 1 2 0 1 2 0 1 2 0 1 2 0 1 2 0 1 2 0 1 2 0 1 2 0 1 2 0 1 2 0 1 2 0 1 2 0 1 2 0 1 2 0 1 2 0 1 2 0 1 2 0 1 2
A160796_a2 2 51 0 1 0 1 0 1 0 1 0 1 0 1 0 1 0 1 0 1 0 1 0 1 0 1 0 1 0 1 0 1 0 1 0 1 0 1 0 1 0 1 0 1 0 1 0 1 0 1 0 1 0
A160796_a3 3 51 0 1 2 2 2 2 2 2 2 2 2 2 2 2 2 2 2 2 2 2 2 2 2 2 2 2 2 2 2 2 2 2 2 2 2 2 2 2 2 2 2 2 2 2 2 2 2 2 2 2 2
A161340_a2 2 40 0 1 1 1 1 1 1 1 1 1 1 1 1 1 1 1 1 1 1 1 1 1 1 1 1 1 1 1 1 1 1 1 1 1 1 1 1 1 1 1
A161340_a3 3 40 0 1 0 2 1 0 2 1 0 2 1 0 2 1 0 2 1 0 2 1 0 2 1 0 2 1 0 2 1 0 2 1 0 2 1 0 2 1 0 2
A161342_a2 2 45 0 1 0 1 0 1 0 1 0 1 0 1 0 1 0 1 0 1 0 1 0 1 0 1 0 1 0 1 0 1 0 1 0 1 0 1 0 1 0 1 0 1 0 1 0
A161342_a3 3 45 0 1 2 0 1 2 0 1 2 0 1 2 0 1 2 0 1 2 0 1 2 0 1 2 0 1 2 0 1 2 0 1 2 0 1 2 0 1 2 0 1 2 0 1 2
A161644_a2 2 51 0 1 0 0 0 0 0 0 0 0 0 0 0 0 0 0 0 0 0 0 0 0 0 0 0 0 0 0 0 0 0 0 0 0 0 0 0 0 0 0 0 0 0 0 0 0 0 0 0 0 0
A161644_a3 3 51 0 1 1 1 1 1 1 1 1 1 1 1 1 1 1 1 1 1 1 1 1 1 1 1 1 1 1 1 1 1 1 1 1 1 1 1 1 1 1 1 1 1 1 1 1 1 1 1 1 1 1
A161645_a2 2 68 0 1 1 0 0 0 0 0 0 0 0 0 0 0 0 0 0 0 0 0 0 0 0 0 0 0 0 0 0 0 0 0 0 0 0 0 0 0 0 0 0 0 0 0 0 0 0 0 0 0 0 0 0 0 0 0 0 0 0 0 0 0 0 0 0 0 0 0
A161645_a3 3 68 0 1 0 0 0 0 0 0 0 0 0 0 0 0 0 0 0 0 0 0 0 0 0 0 0 0 0 0 0 0 0 0 0 0 0 0 0 0 0 0 0 0 0 0 0 0 0 0 0 0 0 0 0 0 0 0 0 0 0 0 0 0 0 0 0 0 0 0
A161903_a2 2 101 0 1 0 1 0 1 0 1 0 1 0 1 0 1 0 1 0 1 0 1 0 1 0 1 0 1 0 1 0 1 0 1 0 1 0 1 0 1 0 1 0 1 0 1 0 1 0 1 0 1 0 1 0 1 0 1 0 1 0 1 0 1 0 1 0 1 0 1 0 1 0 1 0 1 0 1 0 1 0 1 0 1 0 1 0 1 0 1 0 1 0 1 0 1 0 1 0 1 0 1 0
A161903_a3 3 101 0 0 0 1 0 0 2 1 0 0 0 1 1 1 2 1 0 0 0 1 0 0 2 1 2 2 2 0 1 1 2 1 0 0 0 1 0 0 2 1 0 0 0 1 1 1 2 1 1 1 1 2 1 1 0 2 2 2 2 0 1 1 2 1 0 0 0 1 0 0 2 1 0 0 0 1 1 1 2 1 0 0 0 1 0 0 2 1 2 2 2 0 1 1 2 1 2 2 2 0 2
A162340_a2 2 60 1 0 1 0 0 0 0 0 0 0 1 0 0 0 0 0 1 0 1 1 1 0 0 0 0 1 1 1 1 1 1 1 1 0 1 0 1 0 0 0 1 0 1 0 0 0 0 1 0 0 0 0 1 0 1 0 1 0 1 1
A162340_a3 3 60 1 2 2 0 1 0 1 0 1 2 1 1 1 0 1 2 0 0 2 0 1 1 1 2 1 0 1 0 1 0 1 0 0 0 1 0 2 1 1 2 0 0 1 0 1 0 2 1 1 0 1 2 1 0 0 2 0 0 2 0
A169648_a2 2 61 0 1 0 0 0 0 0 0 0 0 0 0 0 0 0 0 0 0 0 0 0 0 0 0 0 0 0 0 0 0 0 0 0 0 0 0 0 0 0 0 0 0 0 0 0 0 0 0 0 0 0 0 0 0 0 0 0 0 0 0 0
A169648_a3 3 61 0 1 1 1 0 2 0 0 0 1 0 0 0 1 0 0 0 1 0 0 0 1 0 0 0 2 0 0 0 0 0 0 0 1 0 0 0 1 0 0 0 2 0 0 0 0 0 0 0 1 0 0 0 0 0 0 0 0 0 0 0
A169699_a2 2 52 1 1 0 1 0 0 0 1 0 0 0 0 0 0 0 1 0 0 0 0 0 0 0 0 0 0 0 0 0 0 0 1 0 0 0 0 0 0 0 0 0 0 0 0 0 0 0 0 0 0 0 0
A169699_a3 3 52 1 2 0 1 1 2 2 2 0 0 0 0 0 0 0 1 1 2 2 1 2 1 1 2 2 1 1 2 1 2 2 2 0 0 0 0 0 0 0 0 0 0 0 0 0 0 0 0 0 0 0 0
A169707_a2 2 51 1 1 1 1 1 1 1 1 1 1 1 1 1 1 1 1 1 1 1 1 1 1 1 1 1 1 1 1 1 1 1 1 1 1 1 1 1 1 1 1 1 1 1 1 1 1 1 1 1 1 1
A169707_a3 3 51 1 2 0 0 1 1 0 1 2 2 1 2 1 0 2 2 0 0 2 0 2 1 0 0 2 1 0 1 1 1 2 0 1 1 0 1 0 2 1 1 0 2 1 2 2 2 0 1 0 2 1
A169709_a2 2 51 1 1 1 1 1 1 1 1 1 1 1 1 1 1 1 1 1 1 1 1 1 1 1 1 1 1 1 1 1 1 1 1 1 1 1 1 1 1 1 1 1 1 1 1 1 1 1 1 1 1 1
A169709_a3 3 51 1 2 0 0 2 2 1 2 2 2 1 2 0 2 0 2 1 1 0 1 2 1 2 1 1 0 2 2 0 2 0 0 0 0 2 0 1 0 1 0 0 2 1 1 2 1 2 2 0 2 1
A170896_a2 2 69 0 1 1 1 1 1 1 1 1 1 1 1 1 1 1 1 1 1 1 1 1 1 1 1 1 1 1 1 1 1 1 1 1 1 1 1 1 1 1 1 1 1 1 1 1 1 1 1 1 1 1 1 1 1 1 1 1 1 1 1 1 1 1 1 1 1 1 1 1
A170896_a3 3 69 0 1 2 0 1 1 2 2 2 2 1 1 0 1 1 1 1 0 1 0 0 0 2 1 1 2 0 1 2 0 0 2 1 0 2 0 1 1 0 2 1 0 0 0 2 1 1 2 0 1 0 2 2 1 2 1 2 2 1 2 2 0 0 2 2 0 1 1 0
A170905_a2 2 80 0 1 0 0 0 0 0 0 0 0 0 0 0 0 0 0 0 0 0 0 0 0 0 0 0 0 0 0 0 0 0 0 0 0 0 0 0 0 0 0 0 0 0 0 0 0 0 0 0 0 0 0 0 0 0 0 0 0 0 0 0 0 0 0 0 0 0 0 0 0 0 0 0 0 0 0 0 0 0 0
A170905_a3 3 80 0 1 2 2 1 2 1 0 2 2 1 0 1 1 2 2 1 2 1 0 1 1 1 0 2 0 2 2 0 1 2 2 2 2 1 0 1 1 1 0 2 0 1 0 0 2 1 0 1 1 2 2 0 1 1 2 2 0 1 2 2 1 2 1 1 2 1 0 1 1 1 0 2 0 1 0 0 2 1 0
A173456_a2 2 49 0 1 1 1 1 1 1 1 1 1 1 1 1 1 1 1 1 1 1 1 1 1 1 1 1 1 1 1 1 1 1 1 1 1 1 1 1 1 1 1 1 1 1 1 1 1 1 1 1
A173456_a3 3 49 0 1 0 0 1 2 2 0 1 1 1 1 1 2 0 0 0 0 0 0 0 0 0 0 0 1 2 2 2 2 2 2 2 2 2 2 2 2 2 2 2 2 2 2 2 2 2 2 2
A173457_a2 2 61 0 1 0 0 0 0 0 0 0 0 0 0 0 0 0 0 0 0 0 0 0 0 0 0 0 0 0 0 0 0 0 0 0 0 0 0 0 0 0 0 0 0 0 0 0 0 0 0 0 0 0 0 0 0 0 0 0 0 0 0 0
A173457_a3 3 61 0 1 2 0 1 1 0 1 1 0 0 0 0 1 1 0 0 0 0 0 0 0 0 0 0 1 1 0 0 0 0 0 0 0 0 0 0 0 0 0 0 0 0 0 0 0 0 0 0 1 1 0 0 0 0 0 0 0 0 0 0
A173460_a2 2 48 0 1 1 1 1 1 1 1 1 1 1 1 1 1 1 1 1 1 1 1 1 1 1 1 1 1 1 1 1 1 1 1 1 1 1 1 1 1 1 1 1 1 1 1 1 1 1 1
A173460_a3 3 48 0 1 0 0 2 0 0 0 0 0 1 0 0 0 0 0 0 0 0 0 0 0 2 0 0 0 0 0 0 0 0 0 0 0 0 0 0 0 0 0 0 0 0 0 0 0 1 0
A177990_a2 2 55 1 0 1 0 1 1 0 1 0 1 0 1 0 1 1 0 1 0 1 0 1 0 1 0 1 0 1 1 0 1 0 1 0 1 0 1 0 1 0 1 0 1 0 1 1 0 1 0 1 0 1 0 1 0 1
A177990_a3 3 55 1 0 1 0 1 1 0 1 0 1 0 1 0 1 1 0 1 0 1 0 1 0 1 0 1 0 1 1 0 1 0 1 0 1 0 1 0 1 0 1 0 1 0 1 1 0 1 0 1 0 1 0 1 0 1
A180001_a2 2 61 1 1 1 0 1 1 0 0 1 1 0 1 1 1 1 0 1 1 1 0 0 0 0 0 0 1 1 0 0 0 1 0 1 1 0 0 1 0 0 0 1 0 0 0 1 1 1 0 0 0 1 1 1 1 1 1 0 0 1 0 1
A180001_a3 3 61 1 1 1 2 1 0 2 1 1 1 2 0 0 1 1 2 1 0 0 0 0 2 2 0 1 1 0 2 0 0 1 1 0 0 0 0 2 1 0 0 1 0 0 1 1 1 0 0 0 1 0 0 0 1 0 1 0 2 1 0 0
A222180_a2 2 22 0 1 0 0 0 0 0 0 0 0 0 0 0 0 0 0 0 0 0 0 0 0
A222180_a3 3 22 0 1 0 1 2 0 2 2 1 2 1 2 0 0 2 0 1 2 1 2 2 1
A226463_a2 2 86 0 0 0 0 0 0 1 1 0 0 0 1 0 0 0 0 0 0 1 1 0 1 1 1 0 0 0 1 0 0 0 0 1 0 0 0 0 0 1 1 0 1 1 1 1 0 1 1 0 0 0 1 0 0 0 0 1 1 0 0 0 0 0 0 0 0 1 1 0 1 1 1 0 0 0 1 1 1 1 1 0 0 0 1 0 0
A226463_a3 3 86 0 0 0 0 0 0 1 1 0 0 0 1 0 0 0 0 0 0 1 1 0 1 1 1 0 0 0 1 0 0 0 0 1 0 0 0 0 0 1 1 0 1 1 1 1 0 1 1 0 0 0 1 0 0 0 0 1 1 0 0 0 0 0 0 0 0 1 1 0 1 1 1 0 0 0 1 1 1 1 1 0 0 0 1 0 0
A226464_a2 2 86 0 0 0 0 0 1 1 0 0 0 0 0 0 1 0 0 0 1 1 1 0 1 1 0 0 0 0 0 1 0 0 0 0 1 0 0 0 1 1 0 1 1 1 1 0 1 1 0 0 0 0 0 0 0 0 1 1 0 0 0 0 1 0 0 0 1 1 1 1 1 0 0 0 1 1 1 0 1 1 0 0 0 0 0 1 1
A226464_a3 3 86 0 0 0 0 0 1 1 0 0 0 0 0 0 1 0 0 0 1 1 1 0 1 1 0 0 0 0 0 1 0 0 0 0 1 0 0 0 1 1 0 1 1 1 1 0 1 1 0 0 0 0 0 0 0 0 1 1 0 0 0 0 1 0 0 0 1 1 1 1 1 0 0 0 1 1 1 0 1 1 0 0 0 0 0 1 1
A231348_a2 2 65 0 1 1 1 1 1 1 1 1 1 1 1 1 1 1 1 1 1 1 1 1 1 1 1 1 1 1 1 1 1 1 1 1 1 1 1 1 1 1 1 1 1 1 1 1 1 1 1 1 1 1 1 1 1 1 1 1 1 1 1 1 1 1 1 1
A231348_a3 3 65 0 1 0 1 2 0 2 0 2 0 2 2 0 1 0 1 2 0 2 2 0 0 0 1 0 1 0 1 2 0 2 0 2 0 2 2 0 0 0 1 0 0 0 2 2 0 2 2 0 1 0 1 2 0 2 0 2 0 2 2 0 1 0 1 2
A243566_a2 2 86 1 0 1 0 1 1 1 1 1 0 1 0 0 0 1 0 1 1 1 0 1 0 1 1 1 0 1 0 1 1 1 1 1 0 1 0 1 1 1 1 1 0 0 0 1 1 1 1 1 0 1 0 0 0 1 0 1 0 1 0 0 0 1 0 1 1 1 0 1 0 1 1 1 1 1 0 1 0 1 1 1 0 1 0 1 1
A243566_a3 3 86 1 0 1 0 1 1 1 1 1 0 1 0 0 0 1 0 1 1 1 0 1 0 1 1 1 0 1 0 1 1 1 1 1 0 1 0 1 1 1 1 1 0 0 0 1 1 1 1 1 0 1 0 0 0 1 0 1 0 1 0 0 0 1 0 1 1 1 0 1 0 1 1 1 1 1 0 1 0 1 1 1 0 1 0 1 1
A246316_a2 2 62 1 0 1 0 0 0 1 0 1 0 0 0 1 0 1 0 1 0 1 0 1 0 1 0 1 0 1 0 1 0 1 0 1 0 1 0 1 0 1 0 1 0 1 0 1 0 1 0 1 0 1 0 1 0 1 0 1 0 1 0 1 0
A246316_a3 3 62 1 1 2 0 2 0 1 1 0 2 1 1 2 1 1 2 2 2 0 0 1 0 0 0 2 2 2 1 0 0 1 1 2 0 0 2 0 1 0 1 1 2 0 2 0 2 0 0 2 2 0 2 0 0 0 0 1 0 1 1 0 2
A246318_a2 2 54 1 1 1 1 1 1 1 1 1 1 1 1 1 1 1 1 1 1 1 1 1 1 1 1 1 1 1 1 1 1 1 1 1 1 1 1 1 1 1 1 1 1 1 1 1 1 1 1 1 0 0 0 0 0
A246318_a3 3 54 1 0 0 0 0 0 2 1 2 0 1 0 0 0 1 0 1 2 1 2 0 0 0 1 2 0 0 1 1 2 0 1 1 2 2 2 0 0 0 2 1 2 0 2 1 2 1 0 2 1 2 2 1 2
A246325_a2 2 65 1 1 1 1 1 1 1 1 1 1 1 1 1 1 1 1 1 1 1 1 1 1 1 1 1 1 1 1 1 1 1 1 1 1 1 1 1 1 1 1 1 1 1 1 1 1 1 1 1 1 1 1 1 1 1 1 1 1 1 1 1 1 1 1 1
A246325_a3 3 65 1 2 2 2 1 1 0 2 0 2 0 1 0 0 1 0 0 2 2 1 1 1 2 1 2 2 0 2 0 0 1 0 0 1 1 2 1 2 2 1 2 2 1 2 0 0 0 1 0 1 2 2 2 1 1 2 1 2 2 0 1 2 0 2 2
A246326_a2 2 63 1 1 0 0 1 1 0 1 1 0 0 1 1 1 1 1 1 1 1 1 1 1 0 0 1 0 0 1 1 1 0 0 1 0 0 0 0 1 0 0 0 1 0 0 1 1 1 0 0 0 1 0 0 0 1 0 0 0 1 1 0 0 0
A246326_a3 3 63 1 2 1 2 0 1 1 0 2 0 0 1 1 0 1 2 0 0 1 1 2 1 2 0 1 2 1 1 0 0 0 2 1 2 1 0 0 1 2 1 2 2 1 2 1 0 2 0 1 0 1 1 2 1 0 0 0 1 0 2 2 0 1
A246333_a2 2 73 1 1 1 1 1 1 1 1 1 1 1 1 1 1 1 1 1 1 1 1 1 1 1 1 1 1 1 1 1 1 1 1 1 1 1 1 1 1 1 1 1 1 1 1 1 1 1 1 1 1 1 1 1 1 1 1 1 1 1 1 1 1 1 1 1 1 1 1 1 1 1 1 1
A246333_a3 3 73 1 1 2 2 2 0 2 0 1 1 1 1 1 0 1 1 1 2 1 2 1 1 2 0 0 1 0 0 0 1 0 2 0 0 0 0 0 2 1 1 2 2 0 2 1 1 0 1 1 2 2 1 0 2 1 1 0 0 2 0 2 0 2 2 2 0 2 0 2 2 0 1 1
A247640_a2 2 54 1 0 0 0 0 0 0 0 0 0 0 0 0 0 0 0 0 0 0 0 0 0 0 0 0 0 0 0 0 0 0 0 0 0 0 0 0 0 0 0 0 0 0 0 0 0 0 0 0 0 0 0 0 0
A247640_a3 3 54 1 0 0 0 0 0 0 0 0 0 0 0 0 0 0 0 0 0 0 0 0 0 0 0 0 0 0 0 0 0 0 0 0 0 0 0 0 0 0 0 0 0 0 0 0 0 0 0 0 0 0 0 0 0
A247666_a2 2 52 1 1 1 1 1 1 1 1 1 1 1 1 1 1 1 1 1 1 1 1 1 1 1 1 1 1 1 1 1 1 1 1 1 1 1 1 1 1 1 1 1 1 1 1 1 1 1 1 1 1 1 1
A247666_a3 3 52 1 1 1 1 1 1 1 1 1 1 1 1 1 1 1 1 1 1 1 1 1 1 1 1 1 1 1 1 1 1 1 1 1 1 1 1 1 1 1 1 1 1 1 1 1 1 1 1 1 1 1 1
A255366_a2 2 51 1 1 1 1 1 1 1 1 1 1 1 1 1 1 1 1 1 1 1 1 1 1 1 1 1 1 1 1 1 1 1 1 1 1 1 1 1 1 1 1 1 1 1 1 1 1 1 1 1 1 1
A255366_a3 3 51 1 2 0 0 1 1 2 1 2 2 0 2 0 1 2 2 0 0 1 0 1 2 0 0 1 2 0 2 2 2 1 0 1 1 2 1 2 0 1 1 2 0 1 0 0 0 2 1 2 0 1
A256250_a2 2 64 1 1 1 1 1 1 1 1 1 1 1 1 1 1 1 1 1 1 1 1 1 1 1 1 1 1 1 1 1 1 1 1 1 1 1 1 1 1 1 1 1 1 1 1 1 1 1 1 1 1 1 1 1 1 1 1 1 1 1 1 1 1 1 1
A256250_a3 3 64 1 2 0 0 1 1 0 1 2 2 1 2 2 1 2 2 0 0 2 0 0 2 0 0 2 0 0 2 0 0 2 0 1 1 0 1 1 0 1 1 0 1 1 0 1 1 0 1 1 0 1 1 0 1 1 0 1 1 0 1 1 0 1 1
A256260_a2 2 64 1 1 1 1 1 1 1 1 1 1 1 1 1 1 1 1 1 1 1 1 1 1 1 1 1 1 1 1 1 1 1 1 1 1 1 1 1 1 1 1 1 1 1 1 1 1 1 1 1 1 1 1 1 1 1 1 1 1 1 1 1 1 1 1
A256260_a3 3 64 1 2 0 0 1 1 0 1 2 2 1 2 1 0 2 2 0 0 2 0 2 1 0 0 2 1 0 2 1 0 2 0 1 1 0 1 0 2 1 1 0 2 1 0 2 1 0 1 0 2 1 0 2 1 0 2 1 0 2 1 0 2 1 1
A256530_a2 2 58 0 1 1 1 1 1 1 1 1 1 1 1 1 1 1 1 1 1 1 1 1 1 1 1 1 1 1 1 1 1 1 1 1 1 1 1 1 1 1 1 1 1 1 1 1 1 1 1 1 1 1 1 1 1 1 1 1 1
A256530_a3 3 58 0 1 0 0 1 1 1 1 0 0 0 0 0 0 0 0 1 1 1 1 1 1 1 1 1 1 1 1 1 1 1 1 0 0 0 0 0 0 0 0 0 0 0 0 0 0 0 0 0 0 0 0 0 0 0 0 0 0
A256534_a2 2 57 0 0 0 0 0 0 0 0 0 0 0 0 0 0 0 0 0 0 0 0 0 0 0 0 0 0 0 0 0 0 0 0 0 0 0 0 0 0 0 0 0 0 0 0 0 0 0 0 0 0 0 0 0 0 0 0 0
A256534_a3 3 57 0 1 1 1 1 1 1 1 1 1 1 1 1 1 1 1 1 1 1 1 1 1 1 1 1 1 1 1 1 1 1 1 1 1 1 1 1 1 1 1 1 1 1 1 1 1 1 1 1 1 1 1 1 1 1 1 1
A262448_a2 2 86 1 0 0 0 1 0 1 0 1 0 0 0 0 0 0 0 1 0 1 1 1 1 1 0 1 0 0 0 1 0 0 0 1 0 0 0 1 0 1 0 0 0 1 0 0 0 1 0 1 0 0 0 0 0 1 0 0 0 1 0 0 0 0 0 1 0 1 1 1 0 0 0 1 0 0 0 1 1 1 0 1 0 0 0 1 0
A262448_a3 3 86 1 0 0 0 1 0 1 0 1 0 0 0 0 0 0 0 1 0 1 1 1 1 1 0 1 0 0 0 1 0 0 0 1 0 0 0 1 0 1 0 0 0 1 0 0 0 1 0 1 0 0 0 0 0 1 0 0 0 1 0 0 0 0 0 1 0 1 1 1 0 0 0 1 0 0 0 1 1 1 0 1 0 0 0 1 0
A262808_a2 2 86 1 1 0 1 1 0 0 0 1 1 0 1 1 1 0 1 1 0 0 0 1 0 0 0 1 1 0 1 1 1 0 1 1 1 0 1 1 0 0 0 1 0 0 0 1 0 0 0 1 1 0 1 1 1 0 1 1 1 0 1 1 1 0 1 1 0 0 0 1 0 0 0 1 0 0 0 1 0 0 0 1 1 0 1 1 1
A262808_a3 3 86 1 1 0 1 1 0 0 0 1 1 0 1 1 1 0 1 1 0 0 0 1 0 0 0 1 1 0 1 1 1 0 1 1 1 0 1 1 0 0 0 1 0 0 0 1 0 0 0 1 1 0 1 1 1 0 1 1 1 0 1 1 1 0 1 1 0 0 0 1 0 0 0 1 0 0 0 1 0 0 0 1 1 0 1 1 1
A263428_a2 2 86 1 1 0 0 0 0 0 1 0 1 1 1 1 0 0 1 0 0 0 0 0 0 1 0 0 1 1 1 1 1 1 1 0 0 1 1 0 0 0 0 0 0 0 0 0 1 0 0 0 1 1 1 1 1 1 1 1 1 1 0 0 1 1 1 0 0 0 0 0 0 0 0 0 0 0 0 1 0 0 0 0 1 1 1 1 1
A263428_a3 3 86 1 1 0 0 0 0 0 1 0 1 1 1 1 0 0 1 0 0 0 0 0 0 1 0 0 1 1 1 1 1 1 1 0 0 1 1 0 0 0 0 0 0 0 0 0 1 0 0 0 1 1 1 1 1 1 1 1 1 1 0 0 1 1 1 0 0 0 0 0 0 0 0 0 0 0 0 1 0 0 0 0 1 1 1 1 1
A264442_a2 2 86 1 0 0 0 0 0 1 0 1 0 0 0 0 1 1 1 0 0 1 1 0 1 1 1 1 0 0 0 1 0 1 1 1 1 1 1 0 0 1 0 0 1 1 1 1 1 1 1 1 0 0 0 0 0 0 1 1 1 1 1 1 1 1 1 0 0 1 1 1 1 0 1 1 1 1 1 1 1 1 1 1 0 0 0 1 1
A264442_a3 3 86 1 0 0 0 0 0 1 0 1 0 0 0 0 1 1 1 0 0 1 1 0 1 1 1 1 0 0 0 1 0 1 1 1 1 1 1 0 0 1 0 0 1 1 1 1 1 1 1 1 0 0 0 0 0 0 1 1 1 1 1 1 1 1 1 0 0 1 1 1 1 0 1 1 1 1 1 1 1 1 1 1 0 0 0 1 1
A265156_a2 2 30 1 0 1 0 1 0 1 0 1 0 1 0 1 0 1 0 1 0 1 0 1 0 1 0 1 0 1 0 1 0
A265156_a3 3 30 1 0 0 0 0 1 2 1 2 0 2 1 0 0 1 0 2 0 2 0 2 2 0 0 0 1 1 1 0 0
A265186_a2 2 86 1 1 1 0 1 1 0 1 1 1 1 0 1 1 1 1 1 1 0 1 1 1 1 1 1 1 1 0 1 1 1 1 1 1 1 1 1 1 0 1 1 1 1 1 1 1 1 1 1 1 1 0 1 1 1 1 1 1 1 1 1 1 1 1 1 1 0 1 1 1 1 1 1 1 1 1 1 1 1 1 1 1 1 0 1 1
A265186_a3 3 86 1 1 1 0 1 1 0 1 1 1 1 0 1 1 1 1 1 1 0 1 1 1 1 1 1 1 1 0 1 1 1 1 1 1 1 1 1 1 0 1 1 1 1 1 1 1 1 1 1 1 1 0 1 1 1 1 1 1 1 1 1 1 1 1 1 1 0 1 1 1 1 1 1 1 1 1 1 1 1 1 1 1 1 0 1 1
A265225_a2 2 53 1 0 0 0 1 0 0 0 1 0 0 0 1 0 0 0 1 0 0 0 1 0 0 0 1 0 0 0 1 0 0 0 1 0 0 0 1 0 0 0 1 0 0 0 1 0 0 0 1 0 0 0 1
A265225_a3 3 53 1 1 0 0 0 0 1 1 0 0 0 0 1 1 0 0 0 0 1 1 0 0 0 0 1 1 0 0 0 0 1 1 0 0 0 0 1 1 0 0 0 0 1 1 0 0 0 0 1 1 0 0 0
A265281_a2 2 26 1 1 1 1 1 1 1 1 1 1 1 1 1 1 1 1 1 1 1 1 1 1 1 1 1 1
A265281_a3 3 26 1 1 1 0 2 1 1 0 0 2 1 0 1 0 2 0 0 1 2 1 0 1 2 1 0 2
A265283_a2 2 66 1 1 0 0 0 0 0 0 0 0 0 0 0 0 0 0 0 0 0 0 0 0 0 0 0 0 0 0 0 0 0 0 0 0 0 0 0 0 0 0 0 0 0 0 0 0 0 0 0 0 0 0 0 0 0 0 0 0 0 0 0 0 0 0 0 0
A265283_a3 3 66 1 0 1 0 0 2 2 1 1 0 0 2 2 1 1 0 0 2 2 1 1 0 0 2 2 1 1 0 0 2 2 1 1 0 0 2 2 1 1 0 0 2 2 1 1 0 0 2 2 1 1 0 0 2 2 1 1 0 0 2 2 1 1 0 0 2
A265695_a2 2 86 1 1 1 0 1 1 0 0 0 1 1 0 0 1 1 0 1 1 0 0 1 0 0 0 0 1 1 0 0 1 1 0 1 1 1 0 1 1 0 0 1 0 0 0 0 1 0 0 0 1 1 0 0 1 1 0 1 1 1 1 0 1 1 0 1 1 0 0 1 0 0 0 0 1 1 0 0 0 0 0 0 1 1 0 0 1
A265695_a3 3 86 1 1 1 0 1 1 0 0 0 1 1 0 0 1 1 0 1 1 0 0 1 0 0 0 0 1 1 0 0 1 1 0 1 1 1 0 1 1 0 0 1 0 0 0 0 1 0 0 0 1 1 0 0 1 1 0 1 1 1 1 0 1 1 0 1 1 0 0 1 0 0 0 0 1 1 0 0 0 0 0 0 1 1 0 0 1
A265718_a2 2 86 1 0 0 0 0 0 1 0 0 1 1 0 0 0 1 1 0 0 0 0 1 0 0 0 0 1 1 1 1 0 0 0 1 1 1 1 0 0 0 0 0 0 1 0 0 0 0 0 0 1 1 1 1 1 1 0 0 0 1 1 1 1 1 1 0 0 0 0 0 0 0 0 1 0 0 0 0 0 0 0 0 1 1 1 1 1
A265718_a3 3 86 1 0 0 0 0 0 1 0 0 1 1 0 0 0 1 1 0 0 0 0 1 0 0 0 0 1 1 1 1 0 0 0 1 1 1 1 0 0 0 0 0 0 1 0 0 0 0 0 0 1 1 1 1 1 1 0 0 0 1 1 1 1 1 1 0 0 0 0 0 0 0 0 1 0 0 0 0 0 0 0 0 1 1 1 1 1
A265721_a2 2 29 1 0 0 1 0 1 0 1 0 1 0 1 0 1 0 1 0 1 0 1 0 1 0 1 0 1 0 1 0
A265721_a3 3 29 1 0 1 0 1 0 1 0 1 0 1 0 1 0 1 0 1 0 1 0 1 0 1 0 1 0 1 0 1
A266070_a2 2 86 1 0 0 1 0 1 0 1 0 1 0 1 0 1 0 1 0 1 0 1 0 1 0 1 0 1 0 1 0 1 0 1 0 1 0 1 0 1 0 1 0 1 0 1 0 1 0 1 0 1 0 1 0 1 0 1 0 1 0 1 0 1 0 1 0 1 0 1 0 1 0 1 0 1 0 1 0 1 0 1 0 1 0 1 0 1
A266070_a3 3 86 1 0 0 1 0 1 0 1 0 1 0 1 0 1 0 1 0 1 0 1 0 1 0 1 0 1 0 1 0 1 0 1 0 1 0 1 0 1 0 1 0 1 0 1 0 1 0 1 0 1 0 1 0 1 0 1 0 1 0 1 0 1 0 1 0 1 0 1 0 1 0 1 0 1 0 1 0 1 0 1 0 1 0 1 0 1
A266071_a2 2 20 1 0 0 1 0 1 0 1 0 1 0 1 0 1 0 1 0 1 0 1
A266071_a3 3 20 1 1 1 2 2 0 0 1 1 2 2 0 0 1 1 2 2 0 0 1
A266178_a2 2 86 1 1 1 0 1 0 0 0 0 1 1 0 0 0 0 0 1 0 0 0 0 0 0 0 0 1 1 0 0 0 0 0 0 0 0 0 1 0 0 0 0 0 0 0 0 0 0 0 0 1 1 0 0 0 0 0 0 0 0 0 0 0 0 0 1 0 0 0 0 0 0 0 0 0 0 0 0 0 0 0 0 1 1 0 0 0
A266178_a3 3 86 1 1 1 0 1 0 0 0 0 1 1 0 0 0 0 0 1 0 0 0 0 0 0 0 0 1 1 0 0 0 0 0 0 0 0 0 1 0 0 0 0 0 0 0 0 0 0 0 0 1 1 0 0 0 0 0 0 0 0 0 0 0 0 0 1 0 0 0 0 0 0 0 0 0 0 0 0 0 0 0 0 1 1 0 0 0
A266180_a2 2 25 1 0 0 0 0 0 0 0 0 0 0 0 0 0 0 0 0 0 0 0 0 0 0 0 0
A266180_a3 3 25 1 0 1 0 1 0 1 0 1 0 1 0 1 0 1 0 1 0 1 0 1 0 1 0 1
A266216_a2 2 86 1 1 1 0 0 0 0 0 0 1 1 1 1 1 1 1 0 0 0 0 0 0 0 0 0 1 1 1 1 1 1 1 1 1 1 1 0 0 0 0 0 0 0 0 0 0 0 0 0 1 1 1 1 1 1 1 1 1 1 1 1 1 1 1 0 0 0 0 0 0 0 0 0 0 0 0 0 0 0 0 0 1 1 1 1 1
A266216_a3 3 86 1 1 1 0 0 0 0 0 0 1 1 1 1 1 1 1 0 0 0 0 0 0 0 0 0 1 1 1 1 1 1 1 1 1 1 1 0 0 0 0 0 0 0 0 0 0 0 0 0 1 1 1 1 1 1 1 1 1 1 1 1 1 1 1 0 0 0 0 0 0 0 0 0 0 0 0 0 0 0 0 0 1 1 1 1 1
A266217_a2 2 20 1 0 0 1 0 1 0 1 0 1 0 1 0 1 0 1 0 1 0 1
A266217_a3 3 20 1 2 0 1 0 2 0 0 0 1 0 2 0 0 0 1 0 2 0 0
A266218_a2 2 33 1 0 0 1 0 1 0 1 0 1 0 1 0 1 0 1 0 1 0 1 0 1 0 1 0 1 0 1 0 1 0 1 0
A266218_a3 3 33 1 0 0 1 0 1 0 1 0 1 0 1 0 1 0 1 0 1 0 1 0 1 0 1 0 1 0 1 0 1 0 1 0
A266223_a2 2 53 0 1 0 0 1 1 0 0 1 1 0 0 1 1 0 0 1 1 0 0 1 1 0 0 1 1 0 0 1 1 0 0 1 1 0 0 1 1 0 0 1 1 0 0 1 1 0 0 1 1 0 0 1
A266223_a3 3 53 0 1 0 0 0 0 1 1 0 0 0 0 1 1 0 0 0 0 1 1 0 0 0 0 1 1 0 0 0 0 1 1 0 0 0 0 1 1 0 0 0 0 1 1 0 0 0 0 1 1 0 0 0
A266243_a2 2 86 1 0 0 0 0 0 1 0 1 1 1 0 0 0 0 0 0 0 0 0 1 1 1 0 1 1 1 1 1 0 1 0 0 0 0 0 0 0 0 0 0 0 0 0 1 1 1 0 1 1 1 1 1 1 1 1 1 0 1 0 0 0 0 0 0 0 0 0 0 0 0 0 0 0 0 0 1 1 1 0 1 1 1 1 1 1
A266243_a3 3 86 1 0 0 0 0 0 1 0 1 1 1 0 0 0 0 0 0 0 0 0 1 1 1 0 1 1 1 1 1 0 1 0 0 0 0 0 0 0 0 0 0 0 0 0 1 1 1 0 1 1 1 1 1 1 1 1 1 0 1 0 0 0 0 0 0 0 0 0 0 0 0 0 0 0 0 0 1 1 1 0 1 1 1 1 1 1
A266253_a2 2 86 1 1 0 0 0 0 0 1 1 1 1 1 1 1 0 0 0 0 0 0 0 0 0 1 1 1 1 1 1 1 1 1 1 1 0 0 0 0 0 0 0 0 0 0 0 0 0 1 1 1 1 1 1 1 1 1 1 1 1 1 1 1 0 0 0 0 0 0 0 0 0 0 0 0 0 0 0 0 0 1 1 1 1 1 1 1
A266253_a3 3 86 1 1 0 0 0 0 0 1 1 1 1 1 1 1 0 0 0 0 0 0 0 0 0 1 1 1 1 1 1 1 1 1 1 1 0 0 0 0 0 0 0 0 0 0 0 0 0 1 1 1 1 1 1 1 1 1 1 1 1 1 1 1 0 0 0 0 0 0 0 0 0 0 0 0 0 0 0 0 0 1 1 1 1 1 1 1
A266282_a2 2 86 1 0 1 0 0 0 1 0 1 1 1 0 1 0 1 0 0 0 0 0 1 0 1 0 1 1 1 1 1 0 1 0 1 0 1 0 0 0 0 0 0 0 1 0 1 0 1 0 1 1 1 1 1 1 1 0 1 0 1 0 1 0 1 0 0 0 0 0 0 0 0 0 1 0 1 0 1 0 1 0 1 1 1 1 1 1
A266282_a3 3 86 1 0 1 0 0 0 1 0 1 1 1 0 1 0 1 0 0 0 0 0 1 0 1 0 1 1 1 1 1 0 1 0 1 0 1 0 0 0 0 0 0 0 1 0 1 0 1 0 1 1 1 1 1 1 1 0 1 0 1 0 1 0 1 0 0 0 0 0 0 0 0 0 1 0 1 0 1 0 1 0 1 1 1 1 1 1
A266300_a2 2 86 1 1 1 0 0 0 0 0 1 1 1 1 1 1 1 0 0 0 0 0 0 0 0 0 1 1 1 1 1 1 1 1 1 1 1 0 0 0 0 0 0 0 0 0 0 0 0 0 1 1 1 1 1 1 1 1 1 1 1 1 1 1 1 0 0 0 0 0 0 0 0 0 0 0 0 0 0 0 0 0 1 1 1 1 1 1
A266300_a3 3 86 1 1 1 0 0 0 0 0 1 1 1 1 1 1 1 0 0 0 0 0 0 0 0 0 1 1 1 1 1 1 1 1 1 1 1 0 0 0 0 0 0 0 0 0 0 0 0 0 1 1 1 1 1 1 1 1 1 1 1 1 1 1 1 0 0 0 0 0 0 0 0 0 0 0 0 0 0 0 0 0 1 1 1 1 1 1
A266324_a2 2 33 1 1 0 1 0 1 0 1 0 1 0 1 0 1 0 1 0 1 0 1 0 1 0 1 0 1 0 1 0 1 0 1 0
A266324_a3 3 33 1 2 0 1 0 1 0 1 0 1 0 1 0 1 0 1 0 1 0 1 0 1 0 1 0 1 0 1 0 1 0 1 0
A266377_a2 2 86 1 0 1 1 0 0 0 0 0 1 1 1 1 1 1 1 0 0 0 0 0 0 0 0 0 1 1 1 1 1 1 1 1 1 1 1 0 0 0 0 0 0 0 0 0 0 0 0 0 1 1 1 1 1 1 1 1 1 1 1 1 1 1 1 0 0 0 0 0 0 0 0 0 0 0 0 0 0 0 0 0 1 1 1 1 1
A266377_a3 3 86 1 0 1 1 0 0 0 0 0 1 1 1 1 1 1 1 0 0 0 0 0 0 0 0 0 1 1 1 1 1 1 1 1 1 1 1 0 0 0 0 0 0 0 0 0 0 0 0 0 1 1 1 1 1 1 1 1 1 1 1 1 1 1 1 0 0 0 0 0 0 0 0 0 0 0 0 0 0 0 0 0 1 1 1 1 1
A266434_a2 2 86 1 1 1 1 0 0 0 0 0 1 1 1 1 1 1 1 0 0 0 0 0 0 0 0 0 1 1 1 1 1 1 1 1 1 1 1 0 0 0 0 0 0 0 0 0 0 0 0 0 1 1 1 1 1 1 1 1 1 1 1 1 1 1 1 0 0 0 0 0 0 0 0 0 0 0 0 0 0 0 0 0 1 1 1 1 1
A266434_a3 3 86 1 1 1 1 0 0 0 0 0 1 1 1 1 1 1 1 0 0 0 0 0 0 0 0 0 1 1 1 1 1 1 1 1 1 1 1 0 0 0 0 0 0 0 0 0 0 0 0 0 1 1 1 1 1 1 1 1 1 1 1 1 1 1 1 0 0 0 0 0 0 0 0 0 0 0 0 0 0 0 0 0 1 1 1 1 1
A266441_a2 2 86 1 0 0 1 0 1 0 1 0 1 0 0 0 0 1 1 0 0 1 1 1 0 1 0 0 1 1 0 1 0 0 0 0 1 1 1 0 0 0 0 0 1 1 1 0 1 0 0 0 1 1 1 1 1 0 1 0 0 0 0 1 1 1 1 0 0 0 0 0 0 0 0 1 1 1 0 1 0 0 0 0 1 1 1 1 1
A266441_a3 3 86 1 0 0 1 0 1 0 1 0 1 0 0 0 0 1 1 0 0 1 1 1 0 1 0 0 1 1 0 1 0 0 0 0 1 1 1 0 0 0 0 0 1 1 1 0 1 0 0 0 1 1 1 1 1 0 1 0 0 0 0 1 1 1 1 0 0 0 0 0 0 0 0 1 1 1 0 1 0 0 0 0 1 1 1 1 1
A266508_a2 2 20 1 1 1 1 1 1 1 1 1 1 1 1 1 1 1 1 1 1 1 1
A266508_a3 3 20 1 2 2 0 0 1 1 2 2 0 0 1 1 2 2 0 0 1 1 2
A266532_a2 2 68 0 1 0 1 0 1 0 1 0 1 0 1 0 1 0 1 0 1 0 1 0 1 0 1 0 1 0 1 0 1 0 1 0 1 0 1 0 1 0 1 0 1 0 1 0 1 0 1 0 1 0 1 0 1 0 1 0 1 0 1 0 1 0 1 0 1 0 1
A266532_a3 3 68 0 1 1 1 1 1 1 1 1 1 1 1 1 1 1 1 1 1 1 1 1 1 1 1 1 1 1 1 1 1 1 1 1 1 1 1 1 1 1 1 1 1 1 1 1 1 1 1 1 1 1 1 1 1 1 1 1 1 1 1 1 1 1 1 1 1 1 1
A266588_a2 2 86 1 0 1 0 0 1 1 1 0 1 0 0 0 0 0 1 0 0 0 1 1 1 0 0 0 1 1 1 0 0 0 0 0 1 1 1 0 0 0 0 0 1 1 1 0 0 0 0 0 1 1 1 1 1 0 0 0 0 0 1 1 1 1 1 0 0 0 0 0 0 0 1 1 1 0 0 0 0 0 0 0 1 1 1 1 1
A266588_a3 3 86 1 0 1 0 0 1 1 1 0 1 0 0 0 0 0 1 0 0 0 1 1 1 0 0 0 1 1 1 0 0 0 0 0 1 1 1 0 0 0 0 0 1 1 1 0 0 0 0 0 1 1 1 1 1 0 0 0 0 0 1 1 1 1 1 0 0 0 0 0 0 0 1 1 1 0 0 0 0 0 0 0 1 1 1 1 1
A266608_a2 2 86 1 0 0 0 0 0 1 0 1 1 1 0 0 1 0 0 0 0 0 0 0 0 0 0 1 1 1 1 1 1 1 1 1 0 0 0 0 0 0 0 0 0 0 0 0 0 1 0 1 1 1 1 1 1 1 1 1 1 1 0 0 1 0 0 0 0 0 0 0 0 0 0 0 0 0 0 0 0 0 0 1 1 1 1 1 1
A266608_a3 3 86 1 0 0 0 0 0 1 0 1 1 1 0 0 1 0 0 0 0 0 0 0 0 0 0 1 1 1 1 1 1 1 1 1 0 0 0 0 0 0 0 0 0 0 0 0 0 1 0 1 1 1 1 1 1 1 1 1 1 1 0 0 1 0 0 0 0 0 0 0 0 0 0 0 0 0 0 0 0 0 0 1 1 1 1 1 1
A266613_a2 2 34 1 0 1 0 0 1 0 1 0 1 0 1 0 1 0 1 0 1 0 1 0 1 0 1 0 1 0 1 0 1 0 1 0 1
A266613_a3 3 34 1 2 2 1 2 2 1 0 0 1 2 2 1 0 0 1 2 2 1 0 0 1 2 2 1 0 0 1 2 2 1 0 0 1
A266619_a2 2 86 1 0 1 0 0 1 1 1 1 1 0 1 0 0 0 0 0 0 1 1 0 1 1 0 1 1 1 0 1 0 1 1 0 1 1 0 0 0 0 1 1 1 1 0 1 1 0 1 1 1 1 1 0 1 0 0 0 1 1 0 1 1 0 0 0 0 0 0 1 1 0 1 0 1 0 1 1 0 0 0 1 1 1 1 1 0
A266619_a3 3 86 1 0 1 0 0 1 1 1 1 1 0 1 0 0 0 0 0 0 1 1 0 1 1 0 1 1 1 0 1 0 1 1 0 1 1 0 0 0 0 1 1 1 1 0 1 1 0 1 1 1 1 1 0 1 0 0 0 1 1 0 1 1 0 0 0 0 0 0 1 1 0 1 0 1 0 1 1 0 0 0 1 1 1 1 1 0
A266659_a2 2 86 1 1 1 0 0 0 0 1 1 1 1 1 1 1 0 0 0 0 0 0 0 0 0 1 1 1 1 1 1 1 1 1 1 1 0 0 0 0 0 0 0 0 0 0 0 0 0 1 1 1 1 1 1 1 1 1 1 1 1 1 1 1 0 0 0 0 0 0 0 0 0 0 0 0 0 0 0 0 0 1 1 1 1 1 1 1
A266659_a3 3 86 1 1 1 0 0 0 0 1 1 1 1 1 1 1 0 0 0 0 0 0 0 0 0 1 1 1 1 1 1 1 1 1 1 1 0 0 0 0 0 0 0 0 0 0 0 0 0 1 1 1 1 1 1 1 1 1 1 1 1 1 1 1 0 0 0 0 0 0 0 0 0 0 0 0 0 0 0 0 0 1 1 1 1 1 1 1
A266678_a2 2 86 1 1 0 1 1 1 1 1 1 1 1 1 1 1 1 1 1 1 1 1 1 1 1 1 1 1 1 1 1 1 1 1 1 1 1 1 1 1 1 1 1 1 1 1 1 1 1 1 1 1 1 1 1 1 1 1 1 1 1 1 1 1 1 1 1 1 1 1 1 1 1 1 1 1 1 1 1 1 1 1 1 1 1 1 1 1
A266678_a3 3 86 1 1 0 1 1 1 1 1 1 1 1 1 1 1 1 1 1 1 1 1 1 1 1 1 1 1 1 1 1 1 1 1 1 1 1 1 1 1 1 1 1 1 1 1 1 1 1 1 1 1 1 1 1 1 1 1 1 1 1 1 1 1 1 1 1 1 1 1 1 1 1 1 1 1 1 1 1 1 1 1 1 1 1 1 1 1
A266716_a2 2 86 1 1 0 1 0 0 1 1 0 1 1 1 1 0 1 1 0 0 0 0 0 1 1 0 0 1 1 1 1 1 1 1 0 1 1 1 0 0 0 0 0 0 0 0 1 1 0 0 0 1 1 1 1 1 1 1 1 1 1 0 1 1 1 1 0 0 0 0 0 0 0 0 0 0 0 1 1 0 0 0 0 1 1 1 1 1
A266716_a3 3 86 1 1 0 1 0 0 1 1 0 1 1 1 1 0 1 1 0 0 0 0 0 1 1 0 0 1 1 1 1 1 1 1 0 1 1 1 0 0 0 0 0 0 0 0 1 1 0 0 0 1 1 1 1 1 1 1 1 1 1 0 1 1 1 1 0 0 0 0 0 0 0 0 0 0 0 1 1 0 0 0 0 1 1 1 1 1
A266786_a2 2 86 1 0 1 1 0 1 1 0 0 1 0 1 0 1 1 1 0 0 1 1 1 1 0 0 0 1 1 0 1 0 0 0 1 1 1 1 0 0 0 1 1 1 1 0 1 0 0 0 0 1 1 1 0 1 0 0 0 1 1 1 1 1 1 1 0 0 0 0 1 1 1 1 0 1 0 0 0 0 0 0 0 1 1 1 1 0
A266786_a3 3 86 1 0 1 1 0 1 1 0 0 1 0 1 0 1 1 1 0 0 1 1 1 1 0 0 0 1 1 0 1 0 0 0 1 1 1 1 0 0 0 1 1 1 1 0 1 0 0 0 0 1 1 1 0 1 0 0 0 1 1 1 1 1 1 1 0 0 0 0 1 1 1 1 0 1 0 0 0 0 0 0 0 1 1 1 1 0
A266843_a2 2 86 1 1 1 0 1 0 1 0 0 1 1 0 1 0 0 0 1 0 1 0 1 0 0 0 0 1 1 0 1 0 1 0 0 0 0 0 1 0 1 0 1 0 1 0 0 0 0 0 0 1 1 0 1 0 1 0 1 0 0 0 0 0 0 0 1 0 1 0 1 0 1 0 1 0 0 0 0 0 0 0 0 1 1 0 1 0
A266843_a3 3 86 1 1 1 0 1 0 1 0 0 1 1 0 1 0 0 0 1 0 1 0 1 0 0 0 0 1 1 0 1 0 1 0 0 0 0 0 1 0 1 0 1 0 1 0 0 0 0 0 0 1 1 0 1 0 1 0 1 0 0 0 0 0 0 0 1 0 1 0 1 0 1 0 1 0 0 0 0 0 0 0 0 1 1 0 1 0
A266892_a2 2 86 1 1 0 0 0 1 0 1 1 1 1 0 0 1 1 0 0 0 1 0 1 1 1 0 1 1 1 1 0 0 1 0 1 0 0 0 0 0 0 1 0 1 0 0 0 0 1 1 1 1 1 1 1 0 0 0 0 1 1 1 1 0 1 0 0 0 0 0 1 0 1 1 1 1 0 0 1 0 0 0 1 1 1 1 1 1
A266892_a3 3 86 1 1 0 0 0 1 0 1 1 1 1 0 0 1 1 0 0 0 1 0 1 1 1 0 1 1 1 1 0 0 1 0 1 0 0 0 0 0 0 1 0 1 0 0 0 0 1 1 1 1 1 1 1 0 0 0 0 1 1 1 1 0 1 0 0 0 0 0 1 0 1 1 1 1 0 0 1 0 0 0 1 1 1 1 1 1
A267015_a2 2 86 1 1 0 1 0 1 0 1 0 1 1 0 0 0 1 1 0 0 1 1 1 1 1 0 0 1 1 1 1 0 0 0 1 1 1 1 0 0 0 0 1 1 1 1 1 0 0 0 0 1 1 1 1 1 1 0 0 0 1 1 1 1 1 1 0 0 0 0 0 0 1 1 1 1 1 0 0 0 0 0 0 1 1 1 1 1
A267015_a3 3 86 1 1 0 1 0 1 0 1 0 1 1 0 0 0 1 1 0 0 1 1 1 1 1 0 0 1 1 1 1 0 0 0 1 1 1 1 0 0 0 0 1 1 1 1 1 0 0 0 0 1 1 1 1 1 1 0 0 0 1 1 1 1 1 1 0 0 0 0 0 0 1 1 1 1 1 0 0 0 0 0 0 1 1 1 1 1
A267145_a2 2 86 1 0 0 0 1 0 1 0 1 0 0 1 0 1 0 0 1 0 0 0 1 0 0 0 1 0 0 0 1 0 0 0 1 0 0 0 1 0 1 0 0 0 1 0 0 0 1 0 1 0 0 1 0 0 1 0 0 0 1 0 0 1 0 0 1 0 0 0 0 0 0 0 1 0 0 0 0 0 0 0 1 0 0 0 1 1
A267145_a3 3 86 1 0 0 0 1 0 1 0 1 0 0 1 0 1 0 0 1 0 0 0 1 0 0 0 1 0 0 0 1 0 0 0 1 0 0 0 1 0 1 0 0 0 1 0 0 0 1 0 1 0 0 1 0 0 1 0 0 0 1 0 0 1 0 0 1 0 0 0 0 0 0 0 1 0 0 0 0 0 0 0 1 0 0 0 1 1
A267152_a2 2 86 1 1 0 0 0 1 0 1 1 1 1 0 1 1 1 0 0 0 1 1 1 0 1 1 1 1 1 1 1 0 1 1 1 0 1 0 0 0 0 0 1 1 1 0 1 1 0 1 1 1 1 1 1 1 1 0 1 1 1 1 1 1 1 0 0 0 0 0 0 0 1 1 1 0 0 0 0 0 1 1 1 1 1 1 1 1
A267152_a3 3 86 1 1 0 0 0 1 0 1 1 1 1 0 1 1 1 0 0 0 1 1 1 0 1 1 1 1 1 1 1 0 1 1 1 0 1 0 0 0 0 0 1 1 1 0 1 1 0 1 1 1 1 1 1 1 1 0 1 1 1 1 1 1 1 0 0 0 0 0 0 0 1 1 1 0 0 0 0 0 1 1 1 1 1 1 1 1
A267190_a2 2 64 0 1 1 1 1 1 1 1 1 1 1 1 1 1 1 1 1 1 1 1 1 1 1 1 1 1 1 1 1 1 1 1 1 1 1 1 1 1 1 1 1 1 1 1 1 1 1 1 1 1 1 1 1 1 1 1 1 1 1 1 1 1 1 1
A267190_a3 3 64 0 1 2 0 1 1 2 2 2 2 1 1 0 1 2 2 2 1 2 1 1 1 0 2 2 0 1 1 2 0 0 2 1 0 2 0 1 1 0 2 2 1 2 2 1 0 0 1 2 0 2 2 2 2 1 1 2 2 1 0 1 2 2 1
A267253_a2 2 86 1 1 1 0 0 0 1 1 1 1 1 1 1 0 1 0 0 0 0 0 1 1 1 1 1 1 1 1 1 1 1 0 0 0 1 0 0 0 0 0 0 0 1 0 1 1 1 1 1 1 1 1 1 1 1 1 1 1 1 0 0 0 1 0 0 0 0 0 0 0 0 0 0 0 1 0 1 1 1 1 1 1 1 1 1 1
A267253_a3 3 86 1 1 1 0 0 0 1 1 1 1 1 1 1 0 1 0 0 0 0 0 1 1 1 1 1 1 1 1 1 1 1 0 0 0 1 0 0 0 0 0 0 0 1 0 1 1 1 1 1 1 1 1 1 1 1 1 1 1 1 0 0 0 1 0 0 0 0 0 0 0 0 0 0 0 1 0 1 1 1 1 1 1 1 1 1 1
A267349_a2 2 86 1 1 0 1 0 1 1 1 0 1 1 1 0 1 1 1 0 0 0 1 1 1 0 0 0 1 1 1 1 1 0 1 1 1 1 1 0 0 0 0 0 1 1 1 0 0 0 0 0 1 1 1 1 1 1 1 0 1 1 1 1 1 1 1 0 0 0 0 0 0 0 1 1 1 0 0 0 0 0 0 0 1 1 1 1 1
A267349_a3 3 86 1 1 0 1 0 1 1 1 0 1 1 1 0 1 1 1 0 0 0 1 1 1 0 0 0 1 1 1 1 1 0 1 1 1 1 1 0 0 0 0 0 1 1 1 0 0 0 0 0 1 1 1 1 1 1 1 0 1 1 1 1 1 1 1 0 0 0 0 0 0 0 1 1 1 0 0 0 0 0 0 0 1 1 1 1 1
A267357_a2 2 34 1 1 1 1 1 1 1 1 1 1 1 1 1 1 1 1 1 1 1 1 1 1 1 1 1 1 1 1 1 1 1 1 1 1
A267357_a3 3 34 1 0 1 2 1 2 1 1 2 2 2 1 2 1 0 0 1 2 0 2 1 0 2 1 0 2 1 0 1 2 1 0 2 2
A267417_a2 2 86 1 0 0 0 0 0 1 0 0 0 0 0 0 0 0 0 0 0 1 1 1 1 1 0 0 0 0 0 0 1 1 1 0 0 0 0 0 0 1 1 0 0 1 0 0 1 1 0 0 0 0 0 0 0 0 0 0 0 0 0 0 0 0 0 0 0 1 1 1 1 1 1 1 1 1 1 1 1 1 0 0 0 0 0 0 1
A267417_a3 3 86 1 0 0 0 0 0 1 0 0 0 0 0 0 0 0 0 0 0 1 1 1 1 1 0 0 0 0 0 0 1 1 1 0 0 0 0 0 0 1 1 0 0 1 0 0 1 1 0 0 0 0 0 0 0 0 0 0 0 0 0 0 0 0 0 0 0 1 1 1 1 1 1 1 1 1 1 1 1 1 0 0 0 0 0 0 1
A267418_a2 2 86 1 1 0 0 1 0 0 1 0 1 0 0 1 0 0 0 1 0 0 1 0 0 1 1 0 1 0 0 1 0 0 1 0 0 0 0 1 0 0 1 0 0 1 0 0 1 1 1 0 1 0 0 1 0 0 1 0 0 1 0 1 0 0 0 1 0 0 1 0 0 1 0 0 1 0 0 0 0 1 1 0 1 0 0 1 0
A267418_a3 3 86 1 1 0 0 1 0 0 1 0 1 0 0 1 0 0 0 1 0 0 1 0 0 1 1 0 1 0 0 1 0 0 1 0 0 0 0 1 0 0 1 0 0 1 0 0 1 1 1 0 1 0 0 1 0 0 1 0 0 1 0 1 0 0 0 1 0 0 1 0 0 1 0 0 1 0 0 0 0 1 1 0 1 0 0 1 0
A267423_a2 2 86 1 0 1 0 0 0 1 0 0 0 0 0 1 0 0 0 0 0 1 0 1 0 1 0 0 0 0 0 1 0 1 0 1 0 0 0 0 0 1 0 1 0 1 0 1 0 1 0 0 0 0 0 1 0 1 0 1 0 1 0 1 0 0 0 0 0 1 0 1 0 1 0 1 0 1 0 1 0 1 0 0 0 0 0 1 0
A267423_a3 3 86 1 0 1 0 0 0 1 0 0 0 0 0 1 0 0 0 0 0 1 0 1 0 1 0 0 0 0 0 1 0 1 0 1 0 0 0 0 0 1 0 1 0 1 0 1 0 1 0 0 0 0 0 1 0 1 0 1 0 1 0 1 0 0 0 0 0 1 0 1 0 1 0 1 0 1 0 1 0 1 0 0 0 0 0 1 0
A267463_a2 2 86 1 0 0 0 0 0 1 0 1 0 0 0 0 0 1 1 0 0 1 1 1 0 1 1 1 0 0 0 1 1 0 0 1 1 1 1 0 0 1 0 1 0 0 0 1 1 1 1 1 0 0 0 0 0 0 0 1 0 1 1 1 1 1 1 0 0 1 1 1 1 1 0 0 0 1 1 1 1 1 1 1 0 0 0 1 1
A267463_a3 3 86 1 0 0 0 0 0 1 0 1 0 0 0 0 0 1 1 0 0 1 1 1 0 1 1 1 0 0 0 1 1 0 0 1 1 1 1 0 0 1 0 1 0 0 0 1 1 1 1 1 0 0 0 0 0 0 0 1 0 1 1 1 1 1 1 0 0 1 1 1 1 1 0 0 0 1 1 1 1 1 1 1 0 0 0 1 1
A267525_a2 2 86 1 0 1 0 0 0 1 0 1 0 0 0 1 0 1 1 0 0 1 0 1 0 1 1 1 0 0 0 1 0 1 0 1 1 1 1 0 0 1 0 1 0 1 0 1 1 1 1 1 0 0 0 1 0 1 0 1 0 1 1 1 1 1 1 0 0 1 0 1 0 1 0 1 0 1 1 1 1 1 1 1 0 0 0 1 0
A267525_a3 3 86 1 0 1 0 0 0 1 0 1 0 0 0 1 0 1 1 0 0 1 0 1 0 1 1 1 0 0 0 1 0 1 0 1 1 1 1 0 0 1 0 1 0 1 0 1 1 1 1 1 0 0 0 1 0 1 0 1 0 1 1 1 1 1 1 0 0 1 0 1 0 1 0 1 0 1 1 1 1 1 1 1 0 0 0 1 0
A267533_a2 2 86 1 1 1 0 1 1 0 0 1 1 1 0 0 1 1 1 1 1 0 0 1 1 1 1 1 1 1 0 0 1 1 1 1 1 1 1 1 1 0 0 1 1 1 1 1 1 1 1 1 1 1 0 0 1 1 1 1 1 1 1 1 1 1 1 1 1 0 0 1 1 1 1 1 1 1 1 1 1 1 1 1 1 1 0 0 1
A267533_a3 3 86 1 1 1 0 1 1 0 0 1 1 1 0 0 1 1 1 1 1 0 0 1 1 1 1 1 1 1 0 0 1 1 1 1 1 1 1 1 1 0 0 1 1 1 1 1 1 1 1 1 1 1 0 0 1 1 1 1 1 1 1 1 1 1 1 1 1 0 0 1 1 1 1 1 1 1 1 1 1 1 1 1 1 1 0 0 1
A267576_a2 2 86 1 1 1 0 1 1 0 1 0 1 1 0 1 1 1 0 1 1 0 1 0 1 0 1 0 1 1 0 1 1 1 1 1 1 1 0 1 1 0 1 0 1 1 1 1 1 0 1 0 1 1 0 1 1 1 0 1 1 1 0 1 1 1 0 1 1 0 1 0 1 0 1 0 1 0 1 0 1 0 1 0 1 1 0 1 1
A267576_a3 3 86 1 1 1 0 1 1 0 1 0 1 1 0 1 1 1 0 1 1 0 1 0 1 0 1 0 1 1 0 1 1 1 1 1 1 1 0 1 1 0 1 0 1 1 1 1 1 0 1 0 1 1 0 1 1 1 0 1 1 1 0 1 1 1 0 1 1 0 1 0 1 0 1 0 1 0 1 0 1 0 1 0 1 1 0 1 1
A267610_a2 2 58 0 0 0 0 0 0 0 0 0 0 0 0 0 0 0 0 0 0 0 0 0 0 0 0 0 0 0 0 0 0 0 0 0 0 0 0 0 0 0 0 0 0 0 0 0 0 0 0 0 0 0 0 0 0 0 0 0 0
A267610_a3 3 58 0 0 2 2 1 0 0 0 2 1 1 0 0 0 2 2 1 0 0 2 2 2 1 0 0 0 2 2 1 0 0 0 2 1 1 0 0 0 2 1 1 1 0 0 2 1 1 0 0 0 2 2 1 0 0 0 2 1
A267700_a2 2 70 0 1 0 1 0 1 0 1 0 1 0 1 0 1 0 1 0 1 0 1 0 1 0 1 0 1 0 1 0 1 0 1 0 1 0 1 0 1 0 1 0 1 0 1 0 1 0 1 0 1 0 1 0 1 0 1 0 1 0 1 0 1 0 1 0 1 0 1 0 1
A267700_a3 3 70 0 1 2 2 0 0 0 1 2 2 2 0 0 1 2 2 0 0 0 1 1 2 0 0 0 1 2 2 0 0 0 1 2 2 2 0 0 1 2 2 2 0 1 1 2 2 2 0 0 1 2 2 0 0 0 1 2 2 2 0 0 1 2 2 0 0 0 1 1 2
A267800_a2 2 86 1 0 1 1 1 0 0 1 1 1 1 1 0 0 1 1 1 1 1 1 1 0 0 1 1 1 1 1 1 1 1 1 0 0 1 1 1 1 1 1 1 1 1 1 1 0 0 1 1 1 1 1 1 1 1 1 1 1 1 1 0 0 1 1 1 1 1 1 1 1 1 1 1 1 1 1 1 0 0 1 1 1 1 1 1 1
A267800_a3 3 86 1 0 1 1 1 0 0 1 1 1 1 1 0 0 1 1 1 1 1 1 1 0 0 1 1 1 1 1 1 1 1 1 0 0 1 1 1 1 1 1 1 1 1 1 1 0 0 1 1 1 1 1 1 1 1 1 1 1 1 1 0 0 1 1 1 1 1 1 1 1 1 1 1 1 1 1 1 0 0 1 1 1 1 1 1 1
A267810_a2 2 86 1 0 0 1 1 1 0 1 1 1 1 1 0 1 1 1 1 1 1 1 0 1 1 1 1 1 1 1 1 1 0 1 1 1 1 1 1 1 1 1 1 1 0 1 1 1 1 1 1 1 1 1 1 1 1 1 0 1 1 1 1 1 1 1 1 1 1 1 1 1 1 1 0 1 1 1 1 1 1 1 1 1 1 1 1 1
A267810_a3 3 86 1 0 0 1 1 1 0 1 1 1 1 1 0 1 1 1 1 1 1 1 0 1 1 1 1 1 1 1 1 1 0 1 1 1 1 1 1 1 1 1 1 1 0 1 1 1 1 1 1 1 1 1 1 1 1 1 0 1 1 1 1 1 1 1 1 1 1 1 1 1 1 1 0 1 1 1 1 1 1 1 1 1 1 1 1 1
A267868_a2 2 86 1 0 0 0 1 0 1 0 1 1 1 1 0 1 1 1 1 1 1 1 1 1 1 1 1 1 1 1 1 1 1 1 1 1 1 1 1 1 1 1 1 1 1 1 1 1 1 1 1 1 1 1 1 1 1 1 1 1 1 1 1 1 1 1 1 1 1 1 1 1 1 1 1 1 1 1 1 1 1 1 1 1 1 1 1 1
A267868_a3 3 86 1 0 0 0 1 0 1 0 1 1 1 1 0 1 1 1 1 1 1 1 1 1 1 1 1 1 1 1 1 1 1 1 1 1 1 1 1 1 1 1 1 1 1 1 1 1 1 1 1 1 1 1 1 1 1 1 1 1 1 1 1 1 1 1 1 1 1 1 1 1 1 1 1 1 1 1 1 1 1 1 1 1 1 1 1 1
A267869_a2 2 86 1 1 0 0 1 1 0 1 1 1 1 1 1 1 1 1 1 1 1 1 1 1 1 1 1 1 1 1 1 1 1 1 1 1 1 1 1 1 1 1 1 1 1 1 1 1 1 1 1 1 1 1 1 1 1 1 1 1 1 1 1 1 1 1 1 1 1 1 1 1 1 1 1 1 1 1 1 1 1 1 1 1 1 1 1 1
A267869_a3 3 86 1 1 0 0 1 1 0 1 1 1 1 1 1 1 1 1 1 1 1 1 1 1 1 1 1 1 1 1 1 1 1 1 1 1 1 1 1 1 1 1 1 1 1 1 1 1 1 1 1 1 1 1 1 1 1 1 1 1 1 1 1 1 1 1 1 1 1 1 1 1 1 1 1 1 1 1 1 1 1 1 1 1 1 1 1 1
A267870_a2 2 86 1 0 1 0 1 1 1 1 1 1 1 1 1 1 1 1 1 1 1 1 1 1 1 1 1 1 1 1 1 1 1 1 1 1 1 1 1 1 1 1 1 1 1 1 1 1 1 1 1 1 1 1 1 1 1 1 1 1 1 1 1 1 1 1 1 1 1 1 1 1 1 1 1 1 1 1 1 1 1 1 1 1 1 1 1 1
A267870_a3 3 86 1 0 1 0 1 1 1 1 1 1 1 1 1 1 1 1 1 1 1 1 1 1 1 1 1 1 1 1 1 1 1 1 1 1 1 1 1 1 1 1 1 1 1 1 1 1 1 1 1 1 1 1 1 1 1 1 1 1 1 1 1 1 1 1 1 1 1 1 1 1 1 1 1 1 1 1 1 1 1 1 1 1 1 1 1 1
A267921_a2 2 25 1 1 1 1 1 1 1 1 1 1 1 1 1 1 1 1 1 1 1 1 1 1 1 1 1
A267921_a3 3 25 1 2 2 2 2 2 2 2 2 2 2 2 2 2 2 2 2 2 2 2 2 2 2 2 2
A269160_a2 2 67 0 1 0 1 0 1 0 1 0 1 0 1 0 1 0 1 0 1 0 1 0 1 0 1 0 1 0 1 0 1 0 1 0 1 0 1 0 1 0 1 0 1 0 1 0 1 0 1 0 1 0 1 0 1 0 1 0 1 0 1 0 1 0 1 0 1 0
A269160_a3 3 67 0 1 2 1 1 0 2 1 2 0 0 2 1 0 2 1 1 2 0 2 0 2 1 0 2 0 0 2 1 0 2 1 2 0 1 0 0 2 1 0 0 1 1 0 2 1 0 2 1 2 0 2 0 2 1 0 2 0 0 2 1 0 2 1 1 2 0
A269161_a2 2 68 0 1 0 1 0 1 0 1 0 1 0 1 0 1 0 1 0 1 0 1 0 1 0 1 0 1 0 1 0 1 0 1 0 1 0 1 0 1 0 1 0 1 0 1 0 1 0 1 0 1 0 1 0 1 0 1 0 1 0 1 0 1 0 1 0 1 0 1
A269161_a3 3 68 0 1 2 2 1 0 1 1 2 0 0 0 2 1 2 2 1 2 0 0 0 2 0 0 1 2 2 2 1 0 1 1 2 0 1 1 0 2 0 0 0 1 1 1 0 2 0 0 2 0 1 1 1 0 1 1 2 0 0 0 2 1 2 2 1 2 0 0
A269163_a2 2 68 0 1 1 0 1 0 1 0 1 0 1 0 1 0 0 1 1 0 1 0 1 0 0 1 0 1 0 1 0 1 1 0 1 0 1 0 1 0 0 1 0 1 0 1 0 1 0 1 0 1 0 1 0 1 0 1 0 1 1 0 1 0 1 0 1 0 1 0
A269163_a3 3 68 0 1 1 2 1 2 0 1 1 2 0 1 2 0 2 0 1 2 0 1 2 0 2 0 1 2 0 0 1 2 2 0 1 2 0 1 2 0 2 0 1 2 0 0 1 2 0 1 2 0 1 2 0 2 0 1 2 0 0 1 0 1 2 0 1 2 0 1
A269174_a2 2 73 0 1 0 1 0 1 0 1 0 1 0 1 0 1 0 1 0 1 0 1 0 1 0 1 0 1 0 1 0 1 0 1 0 1 0 1 0 1 0 1 0 1 0 1 0 1 0 1 0 1 0 1 0 1 0 1 0 1 0 1 0 1 0 1 0 1 0 1 0 1 0 1 0
A269174_a3 3 73 0 0 0 1 0 0 2 2 0 0 0 1 1 1 1 1 0 0 0 1 0 0 2 2 2 2 2 0 2 2 2 2 0 0 0 1 0 0 2 2 0 0 0 1 1 1 1 1 1 1 1 2 1 1 0 0 1 1 1 2 1 1 1 1 0 0 0 1 0 0 2 2 0
A269175_a2 2 121 1 0 0 1 0 0 1 1 0 0 0 1 1 0 1 1 0 0 0 1 0 0 1 0 1 0 0 1 1 0 1 0 0 0 0 1 0 0 1 0 0 0 0 0 1 0 0 1 1 0 0 1 0 0 1 1 1 0 0 0 1 0 0 0 0 0 0 1 0 0 1 0 0 0 0 0 1 0 0 1 0 0 0 0 0 0 0 0 1 0 0 1 0 0 1 1 1 0 0 1 0 0 1 1 0 0 0 1 1 0 1 1 1 0 0 0 0 0 0 1 1
A269175_a3 3 121 1 0 0 1 0 0 1 1 0 0 0 1 1 0 1 1 0 0 0 1 0 0 1 0 1 0 0 1 1 0 1 2 0 0 0 1 0 0 1 0 0 0 0 0 1 0 0 1 1 0 0 1 0 0 1 1 1 0 0 2 1 0 2 2 0 0 0 1 0 0 1 0 0 0 0 0 1 0 0 1 0 0 0 0 0 0 0 0 1 0 0 1 0 0 1 1 1 0 0 1 0 0 1 1 0 0 0 1 1 0 1 1 1 0 0 2 0 0 2 1 1
A273299_a2 2 47 1 0 1 1 0 0 0 0 1 1 0 0 0 0 0 0 0 0 0 0 0 0 0 0 1 1 1 1 1 1 1 1 1 1 1 1 1 1 1 1 1 1 1 1 1 1 1
A273299_a3 3 47 1 1 0 2 0 1 0 1 2 2 0 0 1 2 1 1 0 2 2 1 0 2 0 2 2 0 2 2 2 0 2 2 2 1 0 1 2 0 2 1 2 1 2 1 0 2 0
A277799_a2 2 43 1 0 1 0 1 0 1 0 1 0 1 0 1 0 1 0 1 0 1 0 1 0 1 0 1 0 1 0 1 0 1 0 1 0 1 0 1 0 1 0 1 0 1
A277799_a3 3 43 1 0 1 0 1 0 1 0 1 0 1 0 1 0 1 0 1 0 1 0 1 0 1 0 1 0 1 0 1 0 1 0 1 0 1 0 1 0 1 0 1 0 1
A279720_a2 2 24 1 0 1 0 1 0 1 0 1 0 1 0 1 0 1 0 1 0 1 0 1 0 1 0
A279720_a3 3 24 1 0 0 0 2 0 1 0 0 0 2 0 1 0 1 0 2 1 2 1 1 0 1 2
A283353_a2 2 33 1 0 0 0 0 0 0 0 0 0 0 0 0 0 0 0 0 0 0 0 0 0 0 0 0 0 0 0 0 0 0 0 0
A283353_a3 3 33 1 2 1 2 1 2 1 2 1 2 1 2 1 2 1 2 1 2 1 2 1 2 1 2 1 2 1 2 1 2 1 2 1
A283507_a2 2 34 1 0 1 1 1 1 1 1 1 1 1 1 1 1 1 1 1 1 1 1 1 1 1 1 1 1 1 1 1 1 1 1 1 1
A283507_a3 3 34 1 0 2 0 2 0 2 0 2 0 2 0 2 0 2 0 2 0 2 0 2 0 2 0 2 0 2 0 2 0 2 0 2 0
A283508_a2 2 20 1 0 1 1 1 1 1 1 1 1 1 1 1 1 1 1 1 1 1 1
A283508_a3 3 20 1 1 2 0 1 2 0 1 2 0 1 2 0 1 2 0 1 2 0 1
A284358_a2 2 34 1 1 1 1 1 1 1 1 1 1 1 1 1 1 1 1 1 1 1 1 1 1 1 1 1 1 1 1 1 1 1 1 1 1
A284358_a3 3 34 1 0 2 2 0 1 0 0 0 0 2 2 0 2 0 0 0 1 2 2 2 2 0 1 2 2 0 0 2 2 2 2 1 0
A285947_a2 2 37 1 1 1 1 0 1 0 1 0 1 0 1 0 1 0 1 0 1 0 1 0 1 0 1 0 1 0 1 0 1 0 1 0 1 0 1 0
A285947_a3 3 37 1 0 0 0 0 0 0 0 0 0 0 0 0 0 0 0 0 0 0 0 0 0 0 0 0 0 0 0 0 0 2 0 2 0 2 0 2
A294020_a2 2 66 0 1 1 1 1 1 1 1 1 1 1 1 1 1 1 1 1 1 1 1 1 1 1 1 1 1 1 1 1 1 1 1 1 1 1 1 1 1 1 1 1 1 1 1 1 1 1 1 1 1 1 1 1 1 1 1 1 1 1 1 1 1 1 1 1 1
A294020_a3 3 66 0 1 2 0 0 2 0 2 2 0 1 0 1 0 0 1 2 1 2 1 1 2 0 2 0 2 2 0 1 0 1 0 0 1 2 1 2 1 1 2 0 2 0 2 2 0 1 0 1 0 0 1 2 1 2 1 1 2 0 2 0 2 2 0 1 0
A294021_a2 2 89 0 1 0 0 0 0 0 0 0 0 0 0 0 0 0 0 0 0 0 0 0 0 0 0 0 0 0 0 0 0 0 0 0 0 0 0 0 0 0 0 0 0 0 0 0 0 0 0 0 0 0 0 0 0 0 0 0 0 0 0 0 0 0 0 0 0 0 0 0 0 0 0 0 0 0 0 0 0 0 0 0 0 0 0 0 0 0 0 0
A294021_a3 3 89 0 1 1 1 0 2 1 2 0 1 1 2 1 2 0 1 1 2 1 2 0 1 1 2 1 2 0 1 1 2 1 2 0 1 1 2 1 2 0 1 1 2 1 2 0 1 1 2 1 2 0 1 1 2 1 2 0 1 1 2 1 2 0 1 1 2 1 2 0 1 1 2 1 2 0 1 1 2 1 2 0 1 1 2 1 2 0 1 1
A299477_a2 2 49 1 0 0 0 0 0 0 0 0 0 0 0 0 0 0 0 0 0 0 0 0 0 0 0 0 0 0 0 0 0 0 0 0 0 0 0 0 0 0 0 0 0 0 0 0 0 0 0 0
A299477_a3 3 49 1 2 1 0 2 0 0 1 2 0 0 0 0 2 0 0 2 0 0 0 1 1 1 2 0 1 2 0 2 2 0 0 1 0 0 0 1 1 1 0 1 0 2 1 2 0 1 0 2
A299479_a2 2 50 1 0 0 0 0 0 0 0 0 0 0 0 0 0 0 0 0 0 0 0 0 0 0 0 0 0 0 0 0 0 0 0 0 0 0 0 0 0 0 0 0 0 0 0 0 0 0 0 0 0
A299479_a3 3 50 1 2 1 0 2 0 0 1 1 2 0 1 1 2 2 0 1 1 0 1 1 2 2 0 1 2 2 2 0 1 0 0 1 1 2 2 0 0 0 2 0 2 2 0 1 0 1 2 1 0
A323649_a2 2 32 1 1 0 0 1 1 0 0 1 1 0 0 1 1 0 0 1 1 0 0 1 1 0 0 1 1 0 0 1 1 0 0
A323649_a3 3 32 1 0 0 0 0 0 0 0 0 0 0 0 0 0 0 0 0 0 0 0 0 0 0 0 0 0 0 0 0 0 0 0
A327980_a2 2 103 0 1 1 1 1 0 1 1 0 1 0 0 0 1 0 0 0 1 1 1 1 1 1 0 0 1 0 0 1 1 1 1 1 1 1 0 0 0 1 1 1 1 0 1 0 1 1 1 0 1 1 1 1 1 0 1 1 1 1 1 1 0 1 1 0 0 0 1 0 1 1 0 0 0 1 1 1 1 1 1 0 1 1 1 1 1 1 1 1 1 1 1 1 0 1 1 0 1 0 1 1 1 1
A327980_a3 3 103 1 1 0 1 1 2 0 1 2 1 1 2 1 1 1 2 2 0 1 1 1 0 1 2 2 0 2 2 1 1 1 1 2 1 1 2 2 1 1 1 1 1 2 1 2 0 1 1 1 1 1 0 0 0 2 1 1 1 1 1 1 2 1 1 0 1 2 1 1 1 1 1 2 1 1 1 1 1 0 1 2 1 1 0 1 2 1 1 1 1 1 1 1 2 0 1 2 0 1 1 1 1 1
A327981_a2 2 111 1 0 1 1 1 1 0 0 1 1 1 1 1 0 0 1 1 1 1 1 0 0 0 1 1 1 1 0 0 1 0 0 0 1 1 1 1 1 1 1 1 1 0 0 0 1 1 0 1 0 1 0 1 1 0 1 0 1 0 1 0 0 0 1 1 1 1 0 1 1 0 1 1 1 0 1 1 0 0 1 1 0 1 1 0 1 1 1 1 1 1 1 1 1 1 1 1 1 1 1 1 1 1 0 1 1 0 1 0 1 1
A327981_a3 3 111 1 2 1 1 0 1 1 2 1 0 0 1 1 2 2 1 1 0 1 1 2 2 2 1 2 1 0 2 2 1 2 2 2 1 1 1 1 1 2 1 1 1 1 2 2 1 1 0 0 2 1 1 1 1 1 1 2 1 2 1 2 2 1 1 1 1 1 2 1 1 2 0 1 1 1 1 1 2 2 1 1 0 1 0 1 1 0 1 1 1 0 1 1 1 1 1 1 1 1 1 1 1 1 2 1 0 2 1 2 1 1
A327983_a2 2 105 0 1 1 0 0 1 1 1 0 0 1 0 1 1 1 1 1 0 1 1 1 1 1 1 0 0 0 0 1 1 1 1 0 1 1 1 1 1 0 0 0 1 1 1 1 1 1 1 1 0 1 1 0 1 1 1 0 1 0 1 0 1 1 1 1 1 1 1 1 1 1 0 1 1 1 1 1 1 1 1 0 0 1 1 0 0 0 0 0 0 1 1 0 0 1 1 0 1 1 1 1 1 0 1 0
A327983_a3 3 105 2 1 0 2 2 0 1 1 2 2 1 2 0 1 1 1 0 2 0 1 1 1 1 1 2 1 2 2 1 1 1 1 2 1 1 1 1 1 0 1 1 0 1 1 1 1 0 2 1 2 1 1 2 0 0 0 2 1 2 1 2 1 1 1 1 0 2 1 0 1 1 2 0 0 0 1 1 1 0 2 2 2 1 0 2 2 1 2 0 0 1 1 2 2 1 1 2 1 0 2 1 1 2 0 2
A327984_a2 2 76 0 1 1 0 1 0 1 1 1 0 1 0 1 0 0 0 1 0 1 0 1 1 1 1 0 1 0 1 1 1 0 0 0 0 1 0 1 0 1 0 1 0 1 1 1 1 0 1 1 0 0 1 1 0 1 1 0 0 1 1 0 0 0 0 1 0 1 0 0 1 0 0 1 0 1 1
A327984_a3 3 76 0 1 0 1 2 2 0 1 0 1 1 1 2 0 2 1 2 0 0 1 2 1 0 2 0 2 0 0 2 1 2 1 0 2 0 1 2 0 1 0 1 2 0 1 0 2 0 1 1 1 0 1 2 0 1 2 0 2 0 2 0 2 1 2 0 1 2 0 2 0 1 0 0 1 2 0
A334496_a2 2 42 1 1 1 0 1 1 0 0 0 1 0 0 0 0 1 0 0 0 1 0 1 0 1 0 1 0 0 1 0 1 0 0 0 0 0 0 1 0 0 0 0 0
A334496_a3 3 42 1 1 1 2 2 1 1 1 0 0 1 0 2 0 0 1 1 0 1 0 0 1 2 0 2 0 0 0 0 0 0 2 0 0 0 0 2 2 0 1 1 0
A334499_a2 2 40 0 0 0 0 0 0 0 0 0 0 1 0 1 0 0 0 0 0 0 0 0 0 0 0 0 0 0 1 1 0 0 0 1 0 1 0 1 0 1 0
A334499_a3 3 40 2 2 0 2 0 0 0 1 0 1 1 0 0 2 1 1 2 0 2 2 0 2 1 0 0 0 0 2 2 1 0 1 0 0 1 0 1 0 1 1
A334515_a2 2 40 0 0 1 0 0 0 0 0 0 0 1 0 1 0 0 0 0 0 0 0 1 0 0 0 0 1 0 0 1 0 0 0 1 0 1 0 1 0 1 0
A334515_a3 3 40 2 2 0 2 0 0 0 2 0 1 1 0 2 2 1 1 2 0 1 2 0 2 1 0 0 2 0 1 2 1 0 1 0 0 0 0 1 0 1 1
A363343_a2 2 91 1 1 1 1 0 1 1 0 1 1 1 1 1 0 1 1 0 0 0 1 1 1 0 1 0 1 0 1 1 0 1 1 1 0 1 1 1 1 1 0 0 1 1 0 1 1 0 0 0 1 1 0 0 1 1 1 0 1 0 0 0 0 0 1 0 1 1 0 1 1 1 1 0 0 1 0 1 1 1 1 1 0 1 0 1 0 1 1 1 0 1
A363343_a3 3 91 1 1 1 1 0 1 1 0 1 1 1 1 1 0 1 1 0 0 0 1 1 1 0 1 0 1 0 1 1 0 1 1 1 0 1 1 1 1 1 0 0 1 1 0 1 1 0 0 0 1 1 0 0 1 1 1 0 1 0 0 0 0 0 1 0 1 1 0 1 1 1 1 0 0 1 0 1 1 1 1 1 0 1 0 1 0 1 1 1 0 1
A363344_a2 2 91 1 1 1 1 1 1 0 0 1 1 1 1 0 1 1 1 1 0 0 1 1 1 0 1 1 0 1 1 0 0 1 1 0 0 1 1 1 0 1 0 1 1 0 1 1 1 1 0 0 1 1 0 0 1 1 1 1 0 0 1 0 1 1 0 1 1 0 0 1 0 0 0 1 1 0 0 1 1 1 1 1 1 1 0 1 0 1 1 0 1 1
A363344_a3 3 91 1 1 1 1 1 1 0 0 1 1 1 1 0 1 1 1 1 0 0 1 1 1 0 1 1 0 1 1 0 0 1 1 0 0 1 1 1 0 1 0 1 1 0 1 1 1 1 0 0 1 1 0 0 1 1 1 1 0 0 1 0 1 1 0 1 1 0 0 1 0 0 0 1 1 0 0 1 1 1 1 1 1 1 0 1 0 1 1 0 1 1
A363345_a2 2 86 1 1 1 0 1 0 0 1 0 1 0 0 0 0 0 0 0 0 0 0 0 0 0 0 0 0 0 0 1 0 1 0 0 0 0 0 0 0 0 0 0 0 0 0 0 0 0 0 0 0 0 0 0 0 0 0 0 0 0 0 0 0 0 0 0 0 0 0 0 0 0 0 0 0 0 0 0 0 0 0 0 0 0 0 0 0
A363345_a3 3 86 1 1 1 2 1 2 2 1 1 1 1 1 1 1 1 1 1 1 1 1 1 1 1 2 1 1 1 1 1 2 1 2 2 2 2 2 2 2 2 2 2 2 2 2 2 1 2 2 2 2 2 2 2 2 2 2 2 2 2 2 2 2 2 2 1 2 1 2 2 2 2 2 2 2 2 2 2 2 2 2 1 2 2 2 2 2
A363346_a2 2 70 0 0 1 0 0 0 0 0 0 0 1 0 0 1 0 1 0 0 1 0 1 0 0 0 1 1 0 0 1 1 0 0 0 1 1 1 0 0 1 0 1 1 0 0 1 0 1 0 1 0 0 0 0 0 1 0 0 0 1 1 0 0 0 1 0 0 1 1 0 0
A363346_a3 3 70 0 0 1 0 0 0 0 0 0 0 1 2 0 0 1 2 2 0 2 2 1 0 2 0 0 0 1 1 2 0 0 0 2 1 2 1 1 1 2 0 2 1 0 1 0 0 2 2 2 1 0 0 2 0 0 2 0 2 1 1 2 2 2 2 2 0 1 0 2 1
