# omnis-workload v1
# category: prime
# generator_version: 2
# omnis_min_version: 0.1.0
# created_utc: 2025-05-07T00:00:00Z
# count: 3
# body_sha256: 92796d6ae1c8ca3a04ae66a49a28db9ff0858e0fd60e413b8daf6df472247442
# selection_rule: prime indicator A010051; prime gaps A001223 mod 4; primes A000040 mod 4
prime_indicator 2 200 0 1 1 0 1 0 1 0 0 0 1 0 1 0 0 0 1 0 1 0 0 0 1 0 0 0 0 0 1 0 1 0 0 0 0 0 1 0 0 0 1 0 1 0 0 0 1 0 0 0 0 0 1 0 0 0 0 0 1 0 1 0 0 0 0 0 1 0 0 0 1 0 1 0 0 0 0 0 1 0 0 0 1 0 0 0 0 0 1 0 0 0 0 0 0 0 1 0 0 0 1 0 1 0 0 0 1 0 1 0 0 0 1 0 0 0 0 0 0 0 0 0 0 0 0 0 1 0 0 0 1 0 0 0 0 0 1 0 1 0 0 0 0 0 0 0 0 0 1 0 1 0 0 0 0 0 1 0 0 0 0 0 1 0 0 0 1 0 0 0 0 0 1 0 0 0 0 0 1 0 1 0 0 0 0 0 0 0 0 0 1 0 1 0 0 0 1 0 1 0
prime_gaps 4 200 1 2 2 0 2 0 2 0 2 2 2 0 2 0 2 2 2 2 0 2 2 0 2 0 0 2 0 2 0 2 0 2 2 2 2 2 2 0 2 2 2 2 2 0 2 0 0 0 2 0 2 2 2 2 2 2 2 2 0 2 2 2 0 2 0 2 2 2 2 0 2 0 2 2 0 2 0 0 0 2 2 2 2 2 0 2 0 0 2 0 0 0 0 0 0 2 0 2 2 2 2 2 2 2 2 2 2 2 2 2 2 0 2 0 2 2 0 2 2 2 0 0 2 0 2 0 2 0 2 2 0 0 2 0 0 0 2 2 0 2 2 2 0 2 2 2 0 2 0 2 0 2 0 0 0 0 2 0 0 2 2 2 0 2 2 0 2 0 0 2 2 2 2 2 2 2 2 2 2 2 0 2 0 2 2 0 2 2 2 2 2 0 2 2 2 0 0 0 2 2
prime_mod 4 200 2 3 1 3 3 1 1 3 3 1 3 1 1 3 3 1 3 1 3 3 1 3 3 1 1 1 3 3 1 1 3 3 1 3 1 3 1 3 3 1 3 1 3 1 1 3 3 3 3 1 1 3 1 3 1 3 1 3 1 1 3 1 3 3 1 1 3 1 3 1 1 3 3 1 3 3 1 1 1 1 3 1 3 1 3 3 1 1 1 3 3 3 3 3 3 3 1 1 3 1 3 1 3 1 3 1 3 1 3 1 3 1 1 3 3 1 3 3 1 3 1 1 1 3 3 1 1 3 3 1 3 3 3 1 1 1 1 3 1 1 3 1 3 3 1 3 1 1 3 3 1 1 3 3 3 3 3 1 1 1 3 1 3 3 1 3 3 1 1 1 3 1 3 1 3 1 3 1 3 1 3 3 1 1 3 1 1 3 1 3 1 3 3 1 3 1 1 1 1 3
