# omnis-workload v1
# category: selfref
# generator_version: 2
# generator_sha: c0ba809b03ae9e1de96766c4fe76347498e23bfd
# omnis_min_version: 0.1.0
# created_utc: 2025-05-07T00:00:00Z
# count: 3
# body_sha256: d0d4e42249fa89396f390db51d7df9eb0adfbfcf1b0da1520ee6af1729d557fc
# selection_rule: Kolakoski A000002 (binary); Recaman A005132 mod 4; bit-reversal A030101 mod 4
selfref_kolakoski 2 200 0 1 1 0 0 1 0 1 1 0 1 1 0 0 1 0 0 1 1 0 1 0 0 1 0 1 1 0 0 1 0 0 1 0 1 1 0 1 1 0 0 1 0 1 1 0 1 0 0 1 0 0 1 1 0 1 1 0 0 1 0 1 1 0 1 1 0 0 1 0 0 1 0 1 1 0 1 0 0 1 1 0 1 1 0 0 1 0 1 1 0 1 1 0 0 1 0 0 1 1 0 1 0 0 1 0 1 1 0 1 1 0 0 1 0 0 1 0 1 1 0 0 1 0 0 1 1 0 1 0 0 1 0 0 1 1 0 1 1 0 0 1 0 1 1 0 1 0 0 1 1 0 1 1 0 1 0 0 1 0 0 1 1 0 1 1 0 0 1 0 1 1 0 1 0 0 1 0 0 1 1 0 1 0 0 1 0 1 1 0 0 1 0 0 1 0 1 1 0 1
selfref_recaman 4 200 0 1 3 2 2 3 1 0 0 1 3 2 2 3 1 0 0 1 3 2 2 3 1 2 2 1 3 0 0 3 1 2 2 3 1 2 2 1 3 2 2 3 1 0 0 1 3 2 2 3 1 0 0 1 3 2 2 3 1 0 0 1 3 2 2 3 1 0 0 1 3 2 2 3 1 0 0 3 1 2 2 1 3 0 0 3 1 2 2 1 3 0 0 3 1 2 2 1 3 0 0 1 3 0 0 3 1 2 2 1 3 0 0 1 3 2 2 3 1 2 2 3 1 0 0 1 3 2 2 1 3 0 0 1 3 0 0 1 3 2 2 3 1 0 0 1 3 2 2 3 1 0 0 1 3 2 2 3 1 0 0 1 3 2 2 3 1 0 0 1 3 2 2 3 1 0 0 1 3 2 2 3 1 0 0 3 1 2 2 3 1 2 2 1 3 0 0 1 3 2
selfref_bitrev 4 200 0 1 1 3 1 1 3 3 1 1 1 1 3 3 3 3 1 1 1 1 1 1 1 1 3 3 3 3 3 3 3 3 1 1 1 1 1 1 1 1 1 1 1 1 1 1 1 1 3 3 3 3 3 3 3 3 3 3 3 3 3 3 3 3 1 1 1 1 1 1 1 1 1 1 1 1 1 1 1 1 1 1 1 1 1 1 1 1 1 1 1 1 1 1 1 1 3 3 3 3 3 3 3 3 3 3 3 3 3 3 3 3 3 3 3 3 3 3 3 3 3 3 3 3 3 3 3 3 1 1 1 1 1 1 1 1 1 1 1 1 1 1 1 1 1 1 1 1 1 1 1 1 1 1 1 1 1 1 1 1 1 1 1 1 1 1 1 1 1 1 1 1 1 1 1 1 1 1 1 1 1 1 1 1 1 1 1 1 1 1 1 1 3 3 3 3 3 3 3 3
