A002487_A3 3 500 0 1 1 2 1 0 2 0 1 1 0 2 2 2 0 1 1 2 1 1 0 2 2 1 2 1 2 2 0 1 1 2 1 0 2 0 1 2 1 1 0 2 2 1 2 0 1 0 2 0 1 0 2 1 2 2 0 1 1 2 1 0 2 0 1 1 0 2 2 2 0 1 1 0 2 0 1 2 1 1 0 2 2 1 2 0 1 0 2 2 0 1 1 1 0 2 2 2 0 1 1 1 0 2 2 0 1 0 2 1 2 2 0 1 1 2 1 0 2 0 1 1 0 2 2 2 0 1 1 2 1 1 0 2 2 1 2 1 2 2 0 1 1 2 1 1 0 2 2 2 0 1 1 0 2 0 1 2 1 1 0 2 2 1 2 0 1 0 2 2 0 1 1 1 0 2 2 1 2 2 0 1 1 2 1 2 1 1 0 2 2 1 2 1 2 2 0 1 1 2 1 2 1 1 0 2 2 1 2 2 0 1 1 1 0 2 2 0 1 0 2 1 2 2 0 1 1 2 1 0 2 0 1 1 0 2 2 2 0 1 1 2 1 1 0 2 2 1 2 1 2 2 0 1 1 2 1 0 2 0 1 2 1 1 0 2 2 1 2 0 1 0 2 0 1 0 2 1 2 2 0 1 1 2 1 0 2 0 1 2 1 1 0 2 2 1 2 1 2 2 0 1 1 2 1 1 0 2 2 2 0 1 1 0 2 0 1 2 1 1 0 2 2 1 2 0 1 0 2 2 0 1 1 1 0 2 2 1 2 2 0 1 1 2 1 2 1 1 0 2 2 1 2 0 1 0 2 1 2 2 0 1 1 2 1 0 2 0 1 0 2 0 1 2 1 1 0 2 2 1 2 0 1 0 2 0 1 0 2 1 2 2 0 1 1 2 1 0 2 0 1 0 2 0 1 2 1 1 0 2 2 1 2 0 1 0 2 1 2 2 0 1 1 2 1 2 1 1 0 2 2 1 2 2 0 1 1 1 0 2 2 0 1 0 2 1 2 2 0 1 1 2 1 0 2 0 1 1 0 2 2 2 0 1 1 2 1 1 0 2 2 1 2 1 2 2 0 1 1 2 1 0 2 0 1 2 1 1 0 2 2 1 2 0 1 0 2 0 1 0
A002487_A5 5 500 0 1 1 2 1 3 2 3 1 4 3 0 2 0 3 4 1 0 4 2 3 3 0 2 2 2 0 3 3 2 4 0 1 1 0 4 4 1 2 0 3 1 3 3 0 2 2 4 2 4 2 2 0 3 3 1 3 0 2 1 4 4 0 1 1 2 1 1 0 4 4 3 4 0 1 3 2 2 0 3 3 4 1 4 3 1 3 3 0 2 2 4 2 1 4 1 2 1 4 1 2 4 2 2 0 3 3 1 3 4 1 4 3 3 0 2 2 3 1 0 4 3 4 4 0 1 1 2 1 3 2 3 1 2 1 1 0 4 4 3 4 2 3 2 4 4 0 1 1 4 3 0 2 4 2 2 0 3 3 1 3 2 4 0 1 0 4 2 3 4 1 4 3 1 3 3 0 2 2 4 2 1 4 1 2 3 1 0 4 0 1 3 2 3 1 0 4 0 1 3 2 1 4 1 2 4 2 2 0 3 3 1 3 4 1 4 3 2 4 0 1 0 4 2 3 1 3 3 0 2 2 4 2 0 3 4 1 1 0 4 4 2 3 2 4 3 4 4 0 1 1 2 1 3 2 3 1 4 3 0 2 0 3 4 1 3 2 3 1 2 1 1 0 4 4 3 4 2 3 2 4 1 2 0 3 0 2 1 4 3 4 4 0 1 1 2 1 0 4 2 3 3 0 2 2 1 4 1 2 4 2 2 0 3 3 1 3 4 1 4 3 0 2 1 4 4 0 1 1 1 0 4 4 1 2 0 3 2 4 0 1 0 4 2 3 4 1 4 3 1 3 3 0 2 2 4 2 1 4 1 2 3 1 0 4 0 1 3 2 0 3 4 1 1 0 4 4 4 0 1 1 4 3 0 2 0 3 4 1 1 0 4 4 4 0 1 1 4 3 0 2 3 1 0 4 0 1 3 2 1 4 1 2 4 2 2 0 3 3 1 3 4 1 4 3 2 4 0 1 0 4 2 3 0 2 1 4 4 0 1 1 1 0 4 4 1 2 0 3 4 1 4 3 1 3 3 0 2 2 4 2 1 4 1 2 2 0 3 3 2 4 0 1 2 1 1 0 4 4 3 4 1 2 0 3 0 2 1 4 2 3 2 4 3 4 4 0 1 1 2
A002487_A7 7 500 0 1 1 2 1 3 2 3 1 4 3 5 2 5 3 4 1 5 4 0 3 1 5 0 2 0 5 1 3 0 4 5 1 6 5 2 4 4 0 3 3 4 1 6 5 5 0 2 2 2 0 5 5 6 1 4 3 3 0 4 4 2 5 6 1 0 6 4 5 0 2 6 4 1 4 4 0 3 3 6 3 0 4 5 1 0 6 4 5 3 5 5 0 2 2 4 2 4 2 2 0 5 5 3 5 4 6 0 1 5 4 0 3 6 3 3 0 4 4 1 4 6 2 0 5 4 6 0 1 1 0 6 6 3 4 2 5 5 0 2 2 1 6 3 4 5 1 5 4 1 4 4 0 3 3 6 3 2 6 2 3 3 0 4 4 2 5 6 1 1 0 6 6 3 4 2 5 1 3 1 5 3 5 5 0 2 2 4 2 6 4 6 2 6 4 6 2 4 2 2 0 5 5 3 5 1 3 1 5 2 4 3 6 6 0 1 1 6 5 2 4 4 0 3 3 2 6 2 3 6 3 3 0 4 4 1 4 5 1 5 4 3 6 1 2 2 0 5 5 2 4 3 6 6 0 1 1 2 1 1 0 6 6 5 6 2 3 0 4 6 2 0 5 3 5 5 0 2 2 4 2 3 1 0 6 2 3 0 4 2 5 6 1 6 5 2 4 5 1 5 4 1 4 4 0 3 3 6 3 2 6 2 3 5 2 1 6 1 2 5 3 6 3 3 0 4 4 1 4 6 2 0 5 4 6 0 1 2 1 1 0 6 6 5 6 2 3 0 4 6 2 0 5 6 1 4 3 4 1 6 5 1 3 1 5 3 5 5 0 2 2 4 2 6 4 6 2 1 6 3 4 3 6 1 2 1 6 3 4 3 6 1 2 6 4 6 2 4 2 2 0 5 5 3 5 1 3 1 5 6 1 4 3 4 1 6 5 0 2 6 4 0 3 2 6 5 6 6 0 1 1 2 1 0 6 4 5 0 2 6 4 1 4 4 0 3 3 6 3 5 2 1 6 1 2 5 3 2 6 2 3 6 3 3 0 4 4 1 4 5 1 5 4 2 5 6 1 6 5 2 4 0 3 2 6 0 1 3 2 4 2 2 0 5 5 3 5 0 2 6
A002487_A11 11 500 0 1 1 2 1 3 2 3 1 4 3 5 2 5 3 4 1 5 4 7 3 8 5 7 2 7 5 8 3 7 4 5 1 6 5 9 4 0 7 10 3 0 8 2 5 1 7 9 2 9 7 1 5 2 8 0 3 10 7 0 4 9 5 6 1 7 6 0 5 3 9 2 4 4 0 7 7 6 10 2 3 3 0 8 8 10 2 7 5 6 1 8 7 5 9 0 2 0 9 5 7 8 1 6 5 7 2 10 8 8 0 3 3 2 10 6 7 7 0 4 4 2 9 3 5 0 6 7 1 8 7 2 6 6 0 5 5 8 3 1 9 0 2 6 4 8 4 4 0 7 7 3 7 2 6 5 10 1 2 5 3 6 3 3 0 8 8 5 8 7 10 1 2 9 7 1 5 0 6 7 1 9 8 4 7 1 5 3 9 9 0 2 2 2 0 9 9 3 5 1 7 4 8 9 1 7 6 0 5 1 7 9 2 1 10 7 8 5 8 8 0 3 3 6 3 5 2 1 10 5 6 2 7 3 7 7 0 4 4 8 4 6 2 0 9 1 3 8 5 5 0 6 6 2 7 8 1 9 8 4 7 9 2 8 6 1 6 6 0 5 5 10 5 2 8 0 3 4 1 10 9 9 0 2 2 8 6 10 4 1 8 1 4 8 4 4 0 7 7 3 7 10 3 10 7 9 2 8 6 0 5 4 10 0 1 3 2 7 5 8 3 9 6 9 3 6 3 3 0 8 8 5 8 2 5 2 8 4 7 6 10 0 1 3 2 0 9 5 7 8 1 6 5 5 0 6 6 2 7 8 1 10 9 6 8 1 4 0 7 8 1 6 5 8 3 1 9 7 9 9 0 2 2 4 2 4 2 2 0 9 9 7 9 1 3 8 5 6 1 8 7 0 4 1 8 6 9 10 1 8 7 2 6 6 0 5 5 6 1 8 7 5 9 0 2 3 1 0 10 6 7 4 8 2 5 2 8 5 8 8 0 3 3 6 3 9 6 9 3 8 5 7 2 3 1 0 10 4 5 0 6 8 2 9 7 10 3 10 7 3 7 7 0 4 4 8 4 1 8 1 4 10 6 8 2 2 0 9 9 10 1 4 3 0 8 2 5 10 5 5
A002487_A13 13 500 0 1 1 2 1 3 2 3 1 4 3 5 2 5 3 4 1 5 4 7 3 8 5 7 2 7 5 8 3 7 4 5 1 6 5 9 4 11 7 10 3 11 8 0 5 12 7 9 2 9 7 12 5 0 8 11 3 10 7 11 4 9 5 6 1 7 6 11 5 1 9 0 4 2 11 5 7 4 10 0 3 1 11 6 8 8 0 5 5 4 12 6 7 3 9 11 2 11 9 3 7 6 12 4 5 5 0 8 8 6 11 1 3 0 10 4 7 5 11 2 4 0 9 1 5 11 6 7 1 8 7 0 6 4 11 3 5 6 1 10 9 9 0 4 4 6 2 0 11 3 5 12 7 11 4 1 10 10 0 3 3 4 1 12 11 4 6 1 8 3 8 8 0 5 5 10 5 9 4 3 12 5 6 0 7 10 3 12 9 7 11 0 2 0 11 7 9 12 3 10 7 0 6 5 12 3 4 9 5 10 5 5 0 8 8 3 8 1 6 4 11 12 1 4 3 3 0 10 10 1 4 11 7 12 5 3 11 0 2 6 4 4 0 9 9 10 1 6 5 3 11 4 6 0 7 8 1 9 8 2 7 7 0 6 6 10 4 2 11 1 3 8 5 11 6 7 1 11 10 6 9 5 9 9 0 4 4 8 4 10 6 8 2 2 0 11 11 1 3 8 5 4 12 6 7 5 11 2 4 5 1 11 10 7 10 10 0 3 3 6 3 7 4 5 1 0 12 10 11 2 4 10 6 7 1 9 8 11 3 11 8 3 8 8 0 5 5 10 5 2 10 2 5 1 9 0 4 7 3 2 12 4 5 11 6 6 0 7 7 4 10 0 3 2 12 8 9 3 7 5 11 11 0 2 2 2 0 11 11 5 7 3 9 8 12 2 3 0 10 4 7 7 0 6 6 11 5 4 12 2 3 7 4 0 9 1 5 2 10 2 5 10 5 5 0 8 8 3 8 11 3 11 8 9 1 7 6 10 4 2 11 10 12 0 1 5 4 7 3 6 3 3 0 10 10 7 10 11 1 5 4 2 11 5 7 6 12 4 5 8 3 1 11 11 0 2 2 8 6 10 4 8 4 4 0 9 9 5 9 6 10 11 1 7 6 11 5 8 3 1
A070939_A2 2 500 0 1 0 0 1 1 1 1 0 0 0 0 0 0 0 0 1 1 1 1 1 1 1 1 1 1 1 1 1 1 1 1 0 0 0 0 0 0 0 0 0 0 0 0 0 0 0 0 0 0 0 0 0 0 0 0 0 0 0 0 0 0 0 0 1 1 1 1 1 1 1 1 1 1 1 1 1 1 1 1 1 1 1 1 1 1 1 1 1 1 1 1 1 1 1 1 1 1 1 1 1 1 1 1 1 1 1 1 1 1 1 1 1 1 1 1 1 1 1 1 1 1 1 1 1 1 1 1 0 0 0 0 0 0 0 0 0 0 0 0 0 0 0 0 0 0 0 0 0 0 0 0 0 0 0 0 0 0 0 0 0 0 0 0 0 0 0 0 0 0 0 0 0 0 0 0 0 0 0 0 0 0 0 0 0 0 0 0 0 0 0 0 0 0 0 0 0 0 0 0 0 0 0 0 0 0 0 0 0 0 0 0 0 0 0 0 0 0 0 0 0 0 0 0 0 0 0 0 0 0 0 0 0 0 0 0 0 0 0 0 0 0 0 0 0 0 0 0 0 0 0 0 0 0 0 0 1 1 1 1 1 1 1 1 1 1 1 1 1 1 1 1 1 1 1 1 1 1 1 1 1 1 1 1 1 1 1 1 1 1 1 1 1 1 1 1 1 1 1 1 1 1 1 1 1 1 1 1 1 1 1 1 1 1 1 1 1 1 1 1 1 1 1 1 1 1 1 1 1 1 1 1 1 1 1 1 1 1 1 1 1 1 1 1 1 1 1 1 1 1 1 1 1 1 1 1 1 1 1 1 1 1 1 1 1 1 1 1 1 1 1 1 1 1 1 1 1 1 1 1 1 1 1 1 1 1 1 1 1 1 1 1 1 1 1 1 1 1 1 1 1 1 1 1 1 1 1 1 1 1 1 1 1 1 1 1 1 1 1 1 1 1 1 1 1 1 1 1 1 1 1 1 1 1 1 1 1 1 1 1 1 1 1 1 1 1 1 1 1 1 1 1 1 1 1 1 1 1 1 1 1 1 1 1 1 1 1 1 1 1 1 1 1 1 1 1 1 1 1 1 1 1 1 1 1 1 1 1 1 1 1 1 1 1 1 1 1 1 1 1
A070939_A3 3 500 0 1 2 2 0 0 0 0 1 1 1 1 1 1 1 1 2 2 2 2 2 2 2 2 2 2 2 2 2 2 2 2 0 0 0 0 0 0 0 0 0 0 0 0 0 0 0 0 0 0 0 0 0 0 0 0 0 0 0 0 0 0 0 0 1 1 1 1 1 1 1 1 1 1 1 1 1 1 1 1 1 1 1 1 1 1 1 1 1 1 1 1 1 1 1 1 1 1 1 1 1 1 1 1 1 1 1 1 1 1 1 1 1 1 1 1 1 1 1 1 1 1 1 1 1 1 1 1 2 2 2 2 2 2 2 2 2 2 2 2 2 2 2 2 2 2 2 2 2 2 2 2 2 2 2 2 2 2 2 2 2 2 2 2 2 2 2 2 2 2 2 2 2 2 2 2 2 2 2 2 2 2 2 2 2 2 2 2 2 2 2 2 2 2 2 2 2 2 2 2 2 2 2 2 2 2 2 2 2 2 2 2 2 2 2 2 2 2 2 2 2 2 2 2 2 2 2 2 2 2 2 2 2 2 2 2 2 2 2 2 2 2 2 2 2 2 2 2 2 2 2 2 2 2 2 2 0 0 0 0 0 0 0 0 0 0 0 0 0 0 0 0 0 0 0 0 0 0 0 0 0 0 0 0 0 0 0 0 0 0 0 0 0 0 0 0 0 0 0 0 0 0 0 0 0 0 0 0 0 0 0 0 0 0 0 0 0 0 0 0 0 0 0 0 0 0 0 0 0 0 0 0 0 0 0 0 0 0 0 0 0 0 0 0 0 0 0 0 0 0 0 0 0 0 0 0 0 0 0 0 0 0 0 0 0 0 0 0 0 0 0 0 0 0 0 0 0 0 0 0 0 0 0 0 0 0 0 0 0 0 0 0 0 0 0 0 0 0 0 0 0 0 0 0 0 0 0 0 0 0 0 0 0 0 0 0 0 0 0 0 0 0 0 0 0 0 0 0 0 0 0 0 0 0 0 0 0 0 0 0 0 0 0 0 0 0 0 0 0 0 0 0 0 0 0 0 0 0 0 0 0 0 0 0 0 0 0 0 0 0 0 0 0 0 0 0 0 0 0 0 0 0 0 0 0 0 0 0 0 0 0 0 0 0 0 0 0 0 0 0
A070939_A4 4 500 0 1 2 2 3 3 3 3 0 0 0 0 0 0 0 0 1 1 1 1 1 1 1 1 1 1 1 1 1 1 1 1 2 2 2 2 2 2 2 2 2 2 2 2 2 2 2 2 2 2 2 2 2 2 2 2 2 2 2 2 2 2 2 2 3 3 3 3 3 3 3 3 3 3 3 3 3 3 3 3 3 3 3 3 3 3 3 3 3 3 3 3 3 3 3 3 3 3 3 3 3 3 3 3 3 3 3 3 3 3 3 3 3 3 3 3 3 3 3 3 3 3 3 3 3 3 3 3 0 0 0 0 0 0 0 0 0 0 0 0 0 0 0 0 0 0 0 0 0 0 0 0 0 0 0 0 0 0 0 0 0 0 0 0 0 0 0 0 0 0 0 0 0 0 0 0 0 0 0 0 0 0 0 0 0 0 0 0 0 0 0 0 0 0 0 0 0 0 0 0 0 0 0 0 0 0 0 0 0 0 0 0 0 0 0 0 0 0 0 0 0 0 0 0 0 0 0 0 0 0 0 0 0 0 0 0 0 0 0 0 0 0 0 0 0 0 0 0 0 0 0 0 0 0 0 0 1 1 1 1 1 1 1 1 1 1 1 1 1 1 1 1 1 1 1 1 1 1 1 1 1 1 1 1 1 1 1 1 1 1 1 1 1 1 1 1 1 1 1 1 1 1 1 1 1 1 1 1 1 1 1 1 1 1 1 1 1 1 1 1 1 1 1 1 1 1 1 1 1 1 1 1 1 1 1 1 1 1 1 1 1 1 1 1 1 1 1 1 1 1 1 1 1 1 1 1 1 1 1 1 1 1 1 1 1 1 1 1 1 1 1 1 1 1 1 1 1 1 1 1 1 1 1 1 1 1 1 1 1 1 1 1 1 1 1 1 1 1 1 1 1 1 1 1 1 1 1 1 1 1 1 1 1 1 1 1 1 1 1 1 1 1 1 1 1 1 1 1 1 1 1 1 1 1 1 1 1 1 1 1 1 1 1 1 1 1 1 1 1 1 1 1 1 1 1 1 1 1 1 1 1 1 1 1 1 1 1 1 1 1 1 1 1 1 1 1 1 1 1 1 1 1 1 1 1 1 1 1 1 1 1 1 1 1 1 1 1 1 1 1
A070939_A5 5 500 0 1 2 2 3 3 3 3 4 4 4 4 4 4 4 4 0 0 0 0 0 0 0 0 0 0 0 0 0 0 0 0 1 1 1 1 1 1 1 1 1 1 1 1 1 1 1 1 1 1 1 1 1 1 1 1 1 1 1 1 1 1 1 1 2 2 2 2 2 2 2 2 2 2 2 2 2 2 2 2 2 2 2 2 2 2 2 2 2 2 2 2 2 2 2 2 2 2 2 2 2 2 2 2 2 2 2 2 2 2 2 2 2 2 2 2 2 2 2 2 2 2 2 2 2 2 2 2 3 3 3 3 3 3 3 3 3 3 3 3 3 3 3 3 3 3 3 3 3 3 3 3 3 3 3 3 3 3 3 3 3 3 3 3 3 3 3 3 3 3 3 3 3 3 3 3 3 3 3 3 3 3 3 3 3 3 3 3 3 3 3 3 3 3 3 3 3 3 3 3 3 3 3 3 3 3 3 3 3 3 3 3 3 3 3 3 3 3 3 3 3 3 3 3 3 3 3 3 3 3 3 3 3 3 3 3 3 3 3 3 3 3 3 3 3 3 3 3 3 3 3 3 3 3 3 3 4 4 4 4 4 4 4 4 4 4 4 4 4 4 4 4 4 4 4 4 4 4 4 4 4 4 4 4 4 4 4 4 4 4 4 4 4 4 4 4 4 4 4 4 4 4 4 4 4 4 4 4 4 4 4 4 4 4 4 4 4 4 4 4 4 4 4 4 4 4 4 4 4 4 4 4 4 4 4 4 4 4 4 4 4 4 4 4 4 4 4 4 4 4 4 4 4 4 4 4 4 4 4 4 4 4 4 4 4 4 4 4 4 4 4 4 4 4 4 4 4 4 4 4 4 4 4 4 4 4 4 4 4 4 4 4 4 4 4 4 4 4 4 4 4 4 4 4 4 4 4 4 4 4 4 4 4 4 4 4 4 4 4 4 4 4 4 4 4 4 4 4 4 4 4 4 4 4 4 4 4 4 4 4 4 4 4 4 4 4 4 4 4 4 4 4 4 4 4 4 4 4 4 4 4 4 4 4 4 4 4 4 4 4 4 4 4 4 4 4 4 4 4 4 4 4 4 4 4 4 4 4 4 4 4 4 4 4 4 4 4 4 4 4
A000120_A2 2 500 0 1 1 0 1 0 0 1 1 0 0 1 0 1 1 0 1 0 0 1 0 1 1 0 0 1 1 0 1 0 0 1 1 0 0 1 0 1 1 0 0 1 1 0 1 0 0 1 0 1 1 0 1 0 0 1 1 0 0 1 0 1 1 0 1 0 0 1 0 1 1 0 0 1 1 0 1 0 0 1 0 1 1 0 1 0 0 1 1 0 0 1 0 1 1 0 0 1 1 0 1 0 0 1 1 0 0 1 0 1 1 0 1 0 0 1 0 1 1 0 0 1 1 0 1 0 0 1 1 0 0 1 0 1 1 0 0 1 1 0 1 0 0 1 0 1 1 0 1 0 0 1 1 0 0 1 0 1 1 0 0 1 1 0 1 0 0 1 1 0 0 1 0 1 1 0 1 0 0 1 0 1 1 0 0 1 1 0 1 0 0 1 0 1 1 0 1 0 0 1 1 0 0 1 0 1 1 0 1 0 0 1 0 1 1 0 0 1 1 0 1 0 0 1 1 0 0 1 0 1 1 0 0 1 1 0 1 0 0 1 0 1 1 0 1 0 0 1 1 0 0 1 0 1 1 0 1 0 0 1 0 1 1 0 0 1 1 0 1 0 0 1 0 1 1 0 1 0 0 1 1 0 0 1 0 1 1 0 0 1 1 0 1 0 0 1 1 0 0 1 0 1 1 0 1 0 0 1 0 1 1 0 0 1 1 0 1 0 0 1 0 1 1 0 1 0 0 1 1 0 0 1 0 1 1 0 1 0 0 1 0 1 1 0 0 1 1 0 1 0 0 1 1 0 0 1 0 1 1 0 0 1 1 0 1 0 0 1 0 1 1 0 1 0 0 1 1 0 0 1 0 1 1 0 0 1 1 0 1 0 0 1 1 0 0 1 0 1 1 0 1 0 0 1 0 1 1 0 0 1 1 0 1 0 0 1 1 0 0 1 0 1 1 0 0 1 1 0 1 0 0 1 0 1 1 0 1 0 0 1 1 0 0 1 0 1 1 0 1 0 0 1 0 1 1 0 0 1 1 0 1 0 0 1 0 1 1 0 1 0 0 1 1 0 0 1 0 1 1 0 0 1 1 0 1 0 0 1 1 0 0 1 0 1 1 0 1 0 0 1
A000120_A3 3 500 0 1 1 2 1 2 2 0 1 2 2 0 2 0 0 1 1 2 2 0 2 0 0 1 2 0 0 1 0 1 1 2 1 2 2 0 2 0 0 1 2 0 0 1 0 1 1 2 2 0 0 1 0 1 1 2 0 1 1 2 1 2 2 0 1 2 2 0 2 0 0 1 2 0 0 1 0 1 1 2 2 0 0 1 0 1 1 2 0 1 1 2 1 2 2 0 2 0 0 1 0 1 1 2 0 1 1 2 1 2 2 0 0 1 1 2 1 2 2 0 1 2 2 0 2 0 0 1 1 2 2 0 2 0 0 1 2 0 0 1 0 1 1 2 2 0 0 1 0 1 1 2 0 1 1 2 1 2 2 0 2 0 0 1 0 1 1 2 0 1 1 2 1 2 2 0 0 1 1 2 1 2 2 0 1 2 2 0 2 0 0 1 2 0 0 1 0 1 1 2 0 1 1 2 1 2 2 0 0 1 1 2 1 2 2 0 1 2 2 0 2 0 0 1 0 1 1 2 1 2 2 0 1 2 2 0 2 0 0 1 1 2 2 0 2 0 0 1 2 0 0 1 0 1 1 2 1 2 2 0 2 0 0 1 2 0 0 1 0 1 1 2 2 0 0 1 0 1 1 2 0 1 1 2 1 2 2 0 2 0 0 1 0 1 1 2 0 1 1 2 1 2 2 0 0 1 1 2 1 2 2 0 1 2 2 0 2 0 0 1 2 0 0 1 0 1 1 2 0 1 1 2 1 2 2 0 0 1 1 2 1 2 2 0 1 2 2 0 2 0 0 1 0 1 1 2 1 2 2 0 1 2 2 0 2 0 0 1 1 2 2 0 2 0 0 1 2 0 0 1 0 1 1 2 2 0 0 1 0 1 1 2 0 1 1 2 1 2 2 0 0 1 1 2 1 2 2 0 1 2 2 0 2 0 0 1 0 1 1 2 1 2 2 0 1 2 2 0 2 0 0 1 1 2 2 0 2 0 0 1 2 0 0 1 0 1 1 2 0 1 1 2 1 2 2 0 1 2 2 0 2 0 0 1 1 2 2 0 2 0 0 1 2 0 0 1 0 1 1 2 1 2 2 0 2 0 0 1 2 0 0 1 0 1 1 2 2 0 0 1
A000120_A4 4 500 0 1 1 2 1 2 2 3 1 2 2 3 2 3 3 0 1 2 2 3 2 3 3 0 2 3 3 0 3 0 0 1 1 2 2 3 2 3 3 0 2 3 3 0 3 0 0 1 2 3 3 0 3 0 0 1 3 0 0 1 0 1 1 2 1 2 2 3 2 3 3 0 2 3 3 0 3 0 0 1 2 3 3 0 3 0 0 1 3 0 0 1 0 1 1 2 2 3 3 0 3 0 0 1 3 0 0 1 0 1 1 2 3 0 0 1 0 1 1 2 0 1 1 2 1 2 2 3 1 2 2 3 2 3 3 0 2 3 3 0 3 0 0 1 2 3 3 0 3 0 0 1 3 0 0 1 0 1 1 2 2 3 3 0 3 0 0 1 3 0 0 1 0 1 1 2 3 0 0 1 0 1 1 2 0 1 1 2 1 2 2 3 2 3 3 0 3 0 0 1 3 0 0 1 0 1 1 2 3 0 0 1 0 1 1 2 0 1 1 2 1 2 2 3 3 0 0 1 0 1 1 2 0 1 1 2 1 2 2 3 0 1 1 2 1 2 2 3 1 2 2 3 2 3 3 0 1 2 2 3 2 3 3 0 2 3 3 0 3 0 0 1 2 3 3 0 3 0 0 1 3 0 0 1 0 1 1 2 2 3 3 0 3 0 0 1 3 0 0 1 0 1 1 2 3 0 0 1 0 1 1 2 0 1 1 2 1 2 2 3 2 3 3 0 3 0 0 1 3 0 0 1 0 1 1 2 3 0 0 1 0 1 1 2 0 1 1 2 1 2 2 3 3 0 0 1 0 1 1 2 0 1 1 2 1 2 2 3 0 1 1 2 1 2 2 3 1 2 2 3 2 3 3 0 2 3 3 0 3 0 0 1 3 0 0 1 0 1 1 2 3 0 0 1 0 1 1 2 0 1 1 2 1 2 2 3 3 0 0 1 0 1 1 2 0 1 1 2 1 2 2 3 0 1 1 2 1 2 2 3 1 2 2 3 2 3 3 0 3 0 0 1 0 1 1 2 0 1 1 2 1 2 2 3 0 1 1 2 1 2 2 3 1 2 2 3 2 3 3 0 0 1 1 2 1 2 2 3 1 2 2 3 2 3 3 0 1 2 2 3
A000120_A5 5 500 0 1 1 2 1 2 2 3 1 2 2 3 2 3 3 4 1 2 2 3 2 3 3 4 2 3 3 4 3 4 4 0 1 2 2 3 2 3 3 4 2 3 3 4 3 4 4 0 2 3 3 4 3 4 4 0 3 4 4 0 4 0 0 1 1 2 2 3 2 3 3 4 2 3 3 4 3 4 4 0 2 3 3 4 3 4 4 0 3 4 4 0 4 0 0 1 2 3 3 4 3 4 4 0 3 4 4 0 4 0 0 1 3 4 4 0 4 0 0 1 4 0 0 1 0 1 1 2 1 2 2 3 2 3 3 4 2 3 3 4 3 4 4 0 2 3 3 4 3 4 4 0 3 4 4 0 4 0 0 1 2 3 3 4 3 4 4 0 3 4 4 0 4 0 0 1 3 4 4 0 4 0 0 1 4 0 0 1 0 1 1 2 2 3 3 4 3 4 4 0 3 4 4 0 4 0 0 1 3 4 4 0 4 0 0 1 4 0 0 1 0 1 1 2 3 4 4 0 4 0 0 1 4 0 0 1 0 1 1 2 4 0 0 1 0 1 1 2 0 1 1 2 1 2 2 3 1 2 2 3 2 3 3 4 2 3 3 4 3 4 4 0 2 3 3 4 3 4 4 0 3 4 4 0 4 0 0 1 2 3 3 4 3 4 4 0 3 4 4 0 4 0 0 1 3 4 4 0 4 0 0 1 4 0 0 1 0 1 1 2 2 3 3 4 3 4 4 0 3 4 4 0 4 0 0 1 3 4 4 0 4 0 0 1 4 0 0 1 0 1 1 2 3 4 4 0 4 0 0 1 4 0 0 1 0 1 1 2 4 0 0 1 0 1 1 2 0 1 1 2 1 2 2 3 2 3 3 4 3 4 4 0 3 4 4 0 4 0 0 1 3 4 4 0 4 0 0 1 4 0 0 1 0 1 1 2 3 4 4 0 4 0 0 1 4 0 0 1 0 1 1 2 4 0 0 1 0 1 1 2 0 1 1 2 1 2 2 3 3 4 4 0 4 0 0 1 4 0 0 1 0 1 1 2 4 0 0 1 0 1 1 2 0 1 1 2 1 2 2 3 4 0 0 1 0 1 1 2 0 1 1 2 1 2 2 3 0 1 1 2
A006519_A3 3 500 0 1 2 1 1 1 2 1 2 1 2 1 1 1 2 1 1 1 2 1 1 1 2 1 2 1 2 1 1 1 2 1 2 1 2 1 1 1 2 1 2 1 2 1 1 1 2 1 1 1 2 1 1 1 2 1 2 1 2 1 1 1 2 1 1 1 2 1 1 1 2 1 2 1 2 1 1 1 2 1 1 1 2 1 1 1 2 1 2 1 2 1 1 1 2 1 2 1 2 1 1 1 2 1 2 1 2 1 1 1 2 1 1 1 2 1 1 1 2 1 2 1 2 1 1 1 2 1 2 1 2 1 1 1 2 1 2 1 2 1 1 1 2 1 1 1 2 1 1 1 2 1 2 1 2 1 1 1 2 1 2 1 2 1 1 1 2 1 2 1 2 1 1 1 2 1 1 1 2 1 1 1 2 1 2 1 2 1 1 1 2 1 1 1 2 1 1 1 2 1 2 1 2 1 1 1 2 1 1 1 2 1 1 1 2 1 2 1 2 1 1 1 2 1 2 1 2 1 1 1 2 1 2 1 2 1 1 1 2 1 1 1 2 1 1 1 2 1 2 1 2 1 1 1 2 1 1 1 2 1 1 1 2 1 2 1 2 1 1 1 2 1 1 1 2 1 1 1 2 1 2 1 2 1 1 1 2 1 2 1 2 1 1 1 2 1 2 1 2 1 1 1 2 1 1 1 2 1 1 1 2 1 2 1 2 1 1 1 2 1 1 1 2 1 1 1 2 1 2 1 2 1 1 1 2 1 1 1 2 1 1 1 2 1 2 1 2 1 1 1 2 1 2 1 2 1 1 1 2 1 2 1 2 1 1 1 2 1 1 1 2 1 1 1 2 1 2 1 2 1 1 1 2 1 2 1 2 1 1 1 2 1 2 1 2 1 1 1 2 1 1 1 2 1 1 1 2 1 2 1 2 1 1 1 2 1 2 1 2 1 1 1 2 1 2 1 2 1 1 1 2 1 1 1 2 1 1 1 2 1 2 1 2 1 1 1 2 1 1 1 2 1 1 1 2 1 2 1 2 1 1 1 2 1 1 1 2 1 1 1 2 1 2 1 2 1 1 1 2 1 2 1 2 1 1 1 2 1 2 1 2 1 1 1 2 1 1 1 2 1
A006519_A4 4 500 0 1 2 1 0 1 2 1 0 1 2 1 0 1 2 1 0 1 2 1 0 1 2 1 0 1 2 1 0 1 2 1 0 1 2 1 0 1 2 1 0 1 2 1 0 1 2 1 0 1 2 1 0 1 2 1 0 1 2 1 0 1 2 1 0 1 2 1 0 1 2 1 0 1 2 1 0 1 2 1 0 1 2 1 0 1 2 1 0 1 2 1 0 1 2 1 0 1 2 1 0 1 2 1 0 1 2 1 0 1 2 1 0 1 2 1 0 1 2 1 0 1 2 1 0 1 2 1 0 1 2 1 0 1 2 1 0 1 2 1 0 1 2 1 0 1 2 1 0 1 2 1 0 1 2 1 0 1 2 1 0 1 2 1 0 1 2 1 0 1 2 1 0 1 2 1 0 1 2 1 0 1 2 1 0 1 2 1 0 1 2 1 0 1 2 1 0 1 2 1 0 1 2 1 0 1 2 1 0 1 2 1 0 1 2 1 0 1 2 1 0 1 2 1 0 1 2 1 0 1 2 1 0 1 2 1 0 1 2 1 0 1 2 1 0 1 2 1 0 1 2 1 0 1 2 1 0 1 2 1 0 1 2 1 0 1 2 1 0 1 2 1 0 1 2 1 0 1 2 1 0 1 2 1 0 1 2 1 0 1 2 1 0 1 2 1 0 1 2 1 0 1 2 1 0 1 2 1 0 1 2 1 0 1 2 1 0 1 2 1 0 1 2 1 0 1 2 1 0 1 2 1 0 1 2 1 0 1 2 1 0 1 2 1 0 1 2 1 0 1 2 1 0 1 2 1 0 1 2 1 0 1 2 1 0 1 2 1 0 1 2 1 0 1 2 1 0 1 2 1 0 1 2 1 0 1 2 1 0 1 2 1 0 1 2 1 0 1 2 1 0 1 2 1 0 1 2 1 0 1 2 1 0 1 2 1 0 1 2 1 0 1 2 1 0 1 2 1 0 1 2 1 0 1 2 1 0 1 2 1 0 1 2 1 0 1 2 1 0 1 2 1 0 1 2 1 0 1 2 1 0 1 2 1 0 1 2 1 0 1 2 1 0 1 2 1 0 1 2 1 0 1 2 1 0 1 2 1 0 1 2 1 0 1 2 1 0 1 2 1
A006519_A5 5 500 0 1 2 1 4 1 2 1 3 1 2 1 4 1 2 1 1 1 2 1 4 1 2 1 3 1 2 1 4 1 2 1 2 1 2 1 4 1 2 1 3 1 2 1 4 1 2 1 1 1 2 1 4 1 2 1 3 1 2 1 4 1 2 1 4 1 2 1 4 1 2 1 3 1 2 1 4 1 2 1 1 1 2 1 4 1 2 1 3 1 2 1 4 1 2 1 2 1 2 1 4 1 2 1 3 1 2 1 4 1 2 1 1 1 2 1 4 1 2 1 3 1 2 1 4 1 2 1 3 1 2 1 4 1 2 1 3 1 2 1 4 1 2 1 1 1 2 1 4 1 2 1 3 1 2 1 4 1 2 1 2 1 2 1 4 1 2 1 3 1 2 1 4 1 2 1 1 1 2 1 4 1 2 1 3 1 2 1 4 1 2 1 4 1 2 1 4 1 2 1 3 1 2 1 4 1 2 1 1 1 2 1 4 1 2 1 3 1 2 1 4 1 2 1 2 1 2 1 4 1 2 1 3 1 2 1 4 1 2 1 1 1 2 1 4 1 2 1 3 1 2 1 4 1 2 1 1 1 2 1 4 1 2 1 3 1 2 1 4 1 2 1 1 1 2 1 4 1 2 1 3 1 2 1 4 1 2 1 2 1 2 1 4 1 2 1 3 1 2 1 4 1 2 1 1 1 2 1 4 1 2 1 3 1 2 1 4 1 2 1 4 1 2 1 4 1 2 1 3 1 2 1 4 1 2 1 1 1 2 1 4 1 2 1 3 1 2 1 4 1 2 1 2 1 2 1 4 1 2 1 3 1 2 1 4 1 2 1 1 1 2 1 4 1 2 1 3 1 2 1 4 1 2 1 3 1 2 1 4 1 2 1 3 1 2 1 4 1 2 1 1 1 2 1 4 1 2 1 3 1 2 1 4 1 2 1 2 1 2 1 4 1 2 1 3 1 2 1 4 1 2 1 1 1 2 1 4 1 2 1 3 1 2 1 4 1 2 1 4 1 2 1 4 1 2 1 3 1 2 1 4 1 2 1 1 1 2 1 4 1 2 1 3 1 2 1 4 1 2 1 2 1 2 1 4 1 2 1 3 1 2 1 4 1 2 1 1 1 2 1
A006519_A7 7 500 0 1 2 1 4 1 2 1 1 1 2 1 4 1 2 1 2 1 2 1 4 1 2 1 1 1 2 1 4 1 2 1 4 1 2 1 4 1 2 1 1 1 2 1 4 1 2 1 2 1 2 1 4 1 2 1 1 1 2 1 4 1 2 1 1 1 2 1 4 1 2 1 1 1 2 1 4 1 2 1 2 1 2 1 4 1 2 1 1 1 2 1 4 1 2 1 4 1 2 1 4 1 2 1 1 1 2 1 4 1 2 1 2 1 2 1 4 1 2 1 1 1 2 1 4 1 2 1 2 1 2 1 4 1 2 1 1 1 2 1 4 1 2 1 2 1 2 1 4 1 2 1 1 1 2 1 4 1 2 1 4 1 2 1 4 1 2 1 1 1 2 1 4 1 2 1 2 1 2 1 4 1 2 1 1 1 2 1 4 1 2 1 1 1 2 1 4 1 2 1 1 1 2 1 4 1 2 1 2 1 2 1 4 1 2 1 1 1 2 1 4 1 2 1 4 1 2 1 4 1 2 1 1 1 2 1 4 1 2 1 2 1 2 1 4 1 2 1 1 1 2 1 4 1 2 1 4 1 2 1 4 1 2 1 1 1 2 1 4 1 2 1 2 1 2 1 4 1 2 1 1 1 2 1 4 1 2 1 4 1 2 1 4 1 2 1 1 1 2 1 4 1 2 1 2 1 2 1 4 1 2 1 1 1 2 1 4 1 2 1 1 1 2 1 4 1 2 1 1 1 2 1 4 1 2 1 2 1 2 1 4 1 2 1 1 1 2 1 4 1 2 1 4 1 2 1 4 1 2 1 1 1 2 1 4 1 2 1 2 1 2 1 4 1 2 1 1 1 2 1 4 1 2 1 2 1 2 1 4 1 2 1 1 1 2 1 4 1 2 1 2 1 2 1 4 1 2 1 1 1 2 1 4 1 2 1 4 1 2 1 4 1 2 1 1 1 2 1 4 1 2 1 2 1 2 1 4 1 2 1 1 1 2 1 4 1 2 1 1 1 2 1 4 1 2 1 1 1 2 1 4 1 2 1 2 1 2 1 4 1 2 1 1 1 2 1 4 1 2 1 4 1 2 1 4 1 2 1 1 1 2 1 4 1 2 1 2 1 2 1
A006519_A8 8 500 0 1 2 1 4 1 2 1 0 1 2 1 4 1 2 1 0 1 2 1 4 1 2 1 0 1 2 1 4 1 2 1 0 1 2 1 4 1 2 1 0 1 2 1 4 1 2 1 0 1 2 1 4 1 2 1 0 1 2 1 4 1 2 1 0 1 2 1 4 1 2 1 0 1 2 1 4 1 2 1 0 1 2 1 4 1 2 1 0 1 2 1 4 1 2 1 0 1 2 1 4 1 2 1 0 1 2 1 4 1 2 1 0 1 2 1 4 1 2 1 0 1 2 1 4 1 2 1 0 1 2 1 4 1 2 1 0 1 2 1 4 1 2 1 0 1 2 1 4 1 2 1 0 1 2 1 4 1 2 1 0 1 2 1 4 1 2 1 0 1 2 1 4 1 2 1 0 1 2 1 4 1 2 1 0 1 2 1 4 1 2 1 0 1 2 1 4 1 2 1 0 1 2 1 4 1 2 1 0 1 2 1 4 1 2 1 0 1 2 1 4 1 2 1 0 1 2 1 4 1 2 1 0 1 2 1 4 1 2 1 0 1 2 1 4 1 2 1 0 1 2 1 4 1 2 1 0 1 2 1 4 1 2 1 0 1 2 1 4 1 2 1 0 1 2 1 4 1 2 1 0 1 2 1 4 1 2 1 0 1 2 1 4 1 2 1 0 1 2 1 4 1 2 1 0 1 2 1 4 1 2 1 0 1 2 1 4 1 2 1 0 1 2 1 4 1 2 1 0 1 2 1 4 1 2 1 0 1 2 1 4 1 2 1 0 1 2 1 4 1 2 1 0 1 2 1 4 1 2 1 0 1 2 1 4 1 2 1 0 1 2 1 4 1 2 1 0 1 2 1 4 1 2 1 0 1 2 1 4 1 2 1 0 1 2 1 4 1 2 1 0 1 2 1 4 1 2 1 0 1 2 1 4 1 2 1 0 1 2 1 4 1 2 1 0 1 2 1 4 1 2 1 0 1 2 1 4 1 2 1 0 1 2 1 4 1 2 1 0 1 2 1 4 1 2 1 0 1 2 1 4 1 2 1 0 1 2 1 4 1 2 1 0 1 2 1 4 1 2 1 0 1 2 1 4 1 2 1 0 1 2 1 4 1 2 1 0 1 2 1
