SYNTH_part_mod6 6 500 1 1 2 3 5 1 5 3 4 0 0 2 5 5 3 2 3 3 1 4 3 0 0 1 3 2 0 4 4 5 0 2 3 3 4 3 1 1 5 3 0 3 2 3 1 4 0 2 3 5 4 3 3 3 1 4 5 0 2 4 5 3 4 3 4 2 2 5 3 5 0 3 1 1 2 0 5 1 2 2 0 1 1 5 2 5 4 5 3 1 5 1 5 5 2 1 2 0 4 1 4 2 3 2 3 5 0 3 2 2 4 3 4 4 5 3 4 4 1 1 2 5 4 5 0 0 2 5 4 0 2 2 5 0 1 2 2 4 3 1 1 2 0 1 5 5 1 0 1 4 1 0 1 2 4 1 5 1 4 5 0 1 3 0 3 5 1 2 1 3 4 2 5 3 2 4 4 1 3 4 0 3 1 5 4 5 1 2 1 3 5 0 5 3 5 3 3 4 0 3 0 5 3 5 1 2 2 0 3 3 5 3 5 4 3 1 1 4 5 5 3 3 3 3 2 3 3 2 4 5 2 0 3 1 1 1 2 5 3 3 3 2 5 4 1 4 2 2 2 3 3 5 5 4 1 2 2 3 2 3 2 5 4 1 4 2 3 0 0 5 3 2 1 5 4 1 5 3 0 5 2 3 4 1 3 5 3 5 0 3 0 2 4 1 5 2 3 0 0 5 4 3 1 2 3 2 1 0 5 1 4 1 1 5 0 4 3 2 4 0 1 1 0 2 5 5 1 4 2 2 3 5 1 1 4 1 0 2 5 0 0 0 0 5 4 1 5 0 0 5 0 0 2 0 3 1 2 3 0 4 1 3 5 3 4 0 5 5 5 3 2 2 0 3 0 2 5 1 5 4 4 3 3 4 4 5 2 4 4 1 5 2 3 4 3 1 3 2 3 3 2 5 3 5 2 0 5 5 2 4 2 0 0 2 4 0 2 5 1 2 5 5 0 1 0 1 5 0 5 3 2 2 3 5 3 2 5 1 1 2 1 2 1 5 4 2 3 4 2 0 4 3 2 5 1 2 4 1 4 1 3 1 1 3 1 0 3 1 3 2 3 4 3 2 5 5 2 3 4 5 3 2 5 2 5 4 5 4 4 1 1 1 4 5 0 5 0 3 5 3
SYNTH_part_mod10 10 500 1 1 2 3 5 7 1 5 2 0 2 6 7 1 5 6 1 7 5 0 7 2 2 5 5 8 6 0 8 5 4 2 9 3 0 3 7 7 5 5 8 3 4 1 5 4 8 4 3 5 6 3 9 1 5 6 3 4 0 0 7 5 6 9 0 8 0 9 5 5 8 5 3 9 0 4 1 3 4 0 6 7 5 9 0 7 2 3 9 5 3 9 7 7 0 9 4 0 6 5 2 6 9 0 5 9 6 9 4 0 6 3 6 8 5 1 8 6 3 5 0 1 2 1 0 2 2 5 0 0 0 4 9 2 5 6 0 6 1 5 5 8 0 7 5 9 9 8 7 0 3 2 1 4 0 7 9 9 2 5 6 7 7 0 5 5 9 2 1 5 0 8 3 5 0 0 0 5 5 0 6 1 3 7 0 7 3 8 1 5 3 2 3 9 5 3 1 0 8 5 8 7 3 3 5 0 0 0 7 5 5 7 9 8 5 7 1 4 1 5 7 9 1 5 0 7 9 0 2 5 0 2 7 9 5 9 2 1 7 5 3 8 9 8 5 6 4 6 2 5 1 9 9 2 5 0 2 7 6 5 6 9 8 5 0 2 7 4 0 5 7 6 3 5 0 5 1 9 4 5 6 1 8 5 5 7 3 3 2 5 6 4 2 5 5 8 1 4 0 5 2 1 9 4 5 4 5 4 3 5 4 5 1 7 0 6 3 4 4 0 7 1 6 8 5 1 9 4 0 0 9 5 9 3 0 5 2 2 5 0 2 0 4 3 0 9 9 0 6 5 2 6 4 8 5 3 2 7 0 0 1 9 1 9 0 4 9 7 9 5 2 2 0 5 0 4 1 1 5 0 2 5 1 6 0 1 2 4 6 5 3 6 1 4 5 5 3 8 7 5 6 1 9 1 0 2 9 1 4 0 2 2 4 8 0 4 4 7 9 0 9 1 6 9 0 9 9 4 9 5 8 4 1 5 5 6 5 5 7 0 3 0 1 7 0 4 1 4 4 0 0 9 8 5 5 8 4 9 2 5 1 5 1 7 5 4 9 3 7 0 7 4 3 8 5 5 6 3 2 5 1 0 5 4 5 2 3 8 6 5 3 9 2 3 0 7 6 7 3 5
SYNTH_part_mod12 12 500 1 1 2 3 5 7 11 3 10 6 6 8 5 5 3 8 3 9 1 10 3 0 6 7 3 2 0 10 10 5 0 2 9 3 10 3 1 1 11 9 6 3 2 9 7 10 6 2 9 5 10 3 9 3 7 4 11 6 8 4 11 9 4 3 10 2 8 5 3 5 0 9 7 1 8 0 11 7 8 2 0 7 7 5 8 5 10 5 9 1 5 7 11 5 8 7 8 6 4 7 4 2 3 2 9 5 0 9 8 8 10 3 4 4 5 3 4 4 7 1 8 11 4 5 0 0 8 11 4 6 8 8 5 0 7 8 8 4 3 7 7 8 0 1 5 5 7 6 1 4 1 6 1 8 4 1 11 1 10 11 6 7 9 6 3 11 7 2 7 3 10 8 5 3 2 10 10 7 3 4 0 9 7 11 10 5 1 8 7 9 5 0 11 9 5 9 3 10 6 9 0 11 3 5 7 8 8 6 9 3 11 3 11 10 3 7 1 10 11 5 3 9 3 3 2 9 3 2 10 11 8 0 3 1 7 7 8 11 9 9 9 2 11 4 1 10 2 2 8 9 9 11 11 4 1 8 2 9 8 3 2 5 4 7 10 8 3 6 0 5 9 2 1 11 10 7 11 9 0 11 8 3 10 7 3 5 9 5 6 3 6 8 4 1 11 8 3 0 0 5 10 9 7 8 9 8 1 6 11 7 4 1 7 5 6 10 3 8 10 6 1 7 0 8 11 5 1 4 2 2 3 11 7 7 4 1 0 8 11 0 0 6 0 5 4 7 11 6 6 5 0 0 8 0 9 7 2 9 0 4 1 3 5 3 4 0 11 11 5 9 2 2 6 9 0 2 5 7 5 10 4 9 3 4 4 5 8 10 10 7 11 2 3 10 3 7 3 8 9 9 2 5 9 5 8 6 5 5 2 4 2 6 0 8 10 0 8 5 7 8 11 5 6 7 6 7 5 6 5 9 2 2 3 11 9 8 5 7 7 2 1 8 1 11 4 8 9 10 2 0 4 9 2 5 1 2 10 1 4 1 9 7 7 3 1 0 9 1 9 8 9 4 9 2 5 11 2 3 4 5 3 8 11 2 11 4 5 4 10 1 7 7 4 5 0 11 6 3 11 9
SYNTH_part_mod15 15 500 1 1 2 3 5 7 11 0 7 0 12 11 2 11 0 11 6 12 10 10 12 12 12 10 0 8 6 10 13 5 9 2 9 3 10 3 7 7 5 0 3 3 14 6 10 4 3 14 3 5 1 3 9 6 10 1 8 9 5 10 2 0 1 9 10 8 5 14 0 5 3 0 13 4 5 9 11 13 14 5 6 7 10 14 5 2 7 8 9 10 8 4 2 2 5 4 14 0 1 10 7 11 9 5 0 14 6 9 14 5 1 3 1 13 5 6 13 1 13 10 5 11 7 11 0 12 2 5 10 0 5 14 14 12 10 11 5 1 6 10 10 8 0 7 5 14 4 3 7 10 13 12 1 14 10 7 14 4 7 5 6 7 12 0 0 5 4 2 1 0 10 8 8 0 5 10 10 10 0 10 6 6 13 2 10 2 13 8 1 0 8 12 8 9 5 3 6 10 3 0 3 2 3 8 10 5 5 0 12 0 5 12 14 13 0 7 1 4 11 5 12 9 6 0 5 12 9 5 7 5 5 12 12 4 10 4 2 11 12 0 3 8 14 13 10 1 14 11 2 0 6 14 14 7 10 5 2 12 11 0 11 14 13 10 10 2 12 9 0 5 12 11 13 5 10 10 11 9 9 5 11 6 13 10 0 2 3 8 12 0 6 14 7 10 5 8 6 9 0 5 7 6 4 14 0 14 10 9 8 10 4 10 1 2 0 1 3 14 4 0 7 1 6 8 5 11 4 4 5 5 9 5 4 13 10 10 12 2 5 0 12 0 9 8 10 4 14 0 6 5 12 6 14 3 0 13 2 12 0 10 1 9 11 9 10 9 14 2 14 0 2 2 0 0 0 14 11 1 5 10 7 0 6 1 10 11 2 4 1 10 8 11 6 4 0 10 3 8 12 0 11 11 9 11 5 12 14 11 14 10 2 12 9 8 10 9 14 2 4 5 14 11 6 4 0 4 14 9 14 0 8 14 6 5 0 11 5 10 7 5 13 5 1 2 10 14 6 4 14 0 10 9 8 5 10 8 4 4 7 10 6 10 1 12 10 9 9 13 12 5 12 4 3 8 5 5 11 3 7 5 6 5 5 14 5 7 8 13 1 10 13 4 7 8 0 2 6 12 8 0
SYNTH_part_mod25 25 500 1 1 2 3 5 7 11 15 22 5 17 6 2 1 10 1 6 22 10 15 2 17 2 5 0 8 11 10 18 15 4 17 24 18 10 8 2 12 15 10 13 8 24 11 0 9 8 4 23 0 1 18 14 6 5 1 23 4 20 20 17 5 6 24 5 8 20 14 10 20 18 5 8 14 0 14 16 13 14 0 1 2 5 19 10 7 12 23 9 0 23 9 7 2 20 19 4 5 11 0 17 1 4 0 15 9 11 14 19 15 21 3 6 3 15 1 23 1 18 15 10 1 12 16 0 2 17 20 0 20 0 4 14 12 20 1 5 16 6 20 10 8 20 7 20 9 24 3 22 0 13 7 21 24 5 22 9 19 2 5 16 2 12 5 20 5 4 2 1 15 5 23 13 20 0 5 15 20 5 20 11 6 23 2 5 12 23 18 21 0 18 2 13 19 20 23 16 5 23 0 13 22 8 23 20 10 15 15 12 0 5 17 9 3 20 12 6 14 21 20 17 24 11 15 0 7 19 20 12 5 20 12 22 4 0 19 12 21 17 10 8 13 9 13 20 21 4 1 22 0 6 9 4 12 15 5 7 7 6 0 21 9 18 15 20 22 17 14 10 0 17 6 8 15 0 0 21 19 9 0 16 11 23 10 5 22 23 3 22 20 11 9 22 5 15 13 6 9 15 0 2 1 14 4 15 4 5 19 13 20 14 20 16 12 15 1 3 14 4 5 2 16 21 3 0 16 14 19 0 0 14 15 19 23 10 0 22 22 5 20 7 5 19 3 5 9 24 0 6 0 2 1 9 3 5 23 12 12 5 20 21 9 1 9 15 9 19 2 24 20 12 7 0 10 0 4 6 16 0 0 12 5 6 11 5 1 17 19 1 0 23 11 16 14 15 5 13 13 22 0 1 21 19 6 10 2 4 16 19 5 7 2 19 18 20 19 4 7 9 20 9 11 21 14 0 24 14 9 9 15 3 9 16 15 5 6 20 15 17 10 8 15 6 17 20 4 6 4 4 0 15 4 3 10 15 23 9 4 7 15 6 0 21 12 5 19 24 13 2 10 17 14 18 8 0 0 1 8 7 5 16 5 5 19 5 12 13 23 21 15 23 14 7 23 10 12 16 7 13 0
SYNTH_part_mod35 35 500 1 1 2 3 5 7 11 15 22 30 7 21 7 31 30 1 21 17 0 0 32 22 22 30 0 33 21 0 8 15 4 17 19 28 25 8 22 7 10 0 28 28 9 16 30 24 33 14 28 30 1 18 14 21 0 21 3 9 30 10 12 0 11 9 30 23 10 19 0 25 3 30 18 34 5 14 21 23 9 25 31 12 0 14 10 17 27 13 24 0 8 24 17 32 10 19 14 0 11 10 32 6 19 0 15 19 31 34 34 10 21 28 26 18 20 6 3 21 18 5 25 6 27 26 0 7 27 5 15 30 10 14 29 12 5 1 20 31 21 25 0 33 15 12 15 14 29 28 27 10 23 22 21 4 15 27 24 19 22 0 1 22 27 10 30 15 14 22 16 15 0 8 13 0 5 30 15 0 5 15 21 11 18 2 5 22 13 28 1 25 23 7 8 34 0 8 6 10 18 25 18 7 33 13 10 30 25 20 7 15 15 12 4 28 30 7 16 29 26 20 32 4 21 15 10 7 29 10 2 0 20 17 7 29 0 14 7 26 12 15 33 13 14 28 30 26 9 26 27 0 21 9 29 32 30 5 17 7 6 30 11 9 23 5 0 2 32 34 30 15 17 21 3 25 0 20 26 29 14 20 21 16 3 0 20 7 28 8 17 10 11 29 7 20 5 33 21 24 25 0 32 26 34 4 0 4 0 34 23 15 4 30 21 7 15 31 3 29 9 0 7 21 6 33 5 1 19 14 15 15 34 5 29 33 0 25 32 17 25 10 27 0 9 13 25 29 14 15 21 15 32 21 24 33 25 28 27 12 30 30 16 9 21 19 30 19 29 32 19 0 17 32 0 15 25 19 21 16 30 25 2 30 6 21 25 26 27 34 6 20 28 31 11 24 5 25 23 28 12 20 6 16 4 21 0 32 19 31 29 30 17 7 9 28 5 19 9 22 14 5 29 11 1 24 0 14 14 24 14 5 28 9 21 5 25 26 25 15 17 0 18 15 1 7 15 34 21 14 29 0 15 9 28 0 5 33 4 19 12 0 21 15 21 32 10 34 4 28 17 25 7 4 13 18 0 30 6 28 12 10 31 0 5 4 5 27 13 13 21 25 28 19 32 3 5 7 6 27 3 5
SYNTH_part_mod49 49 500 1 1 2 3 5 7 11 15 22 30 42 7 28 3 37 29 35 3 42 0 39 8 22 30 7 47 35 21 43 8 18 31 19 0 11 36 43 28 45 21 0 42 9 2 9 3 12 0 28 16 43 39 35 14 35 35 24 37 16 45 40 42 39 23 23 30 38 26 0 32 45 16 39 27 33 42 14 44 9 25 3 12 0 14 17 17 6 48 24 0 22 24 38 4 38 12 0 28 4 45 11 41 12 42 1 47 10 6 48 17 42 28 12 11 20 34 31 0 4 5 46 6 13 26 35 21 13 26 22 37 31 0 36 26 47 43 6 17 0 32 35 5 36 12 1 0 1 7 27 10 9 15 7 39 22 13 45 12 43 14 15 36 13 3 16 43 0 36 44 36 28 43 27 7 12 23 36 21 12 36 0 39 25 30 19 15 13 0 15 46 37 21 1 48 0 1 27 24 25 46 32 14 19 27 45 30 39 13 7 15 15 5 46 28 2 0 44 15 47 13 46 18 14 15 17 21 29 3 16 0 20 3 35 36 35 7 0 19 26 29 47 48 14 0 30 19 2 5 41 21 35 2 1 39 23 12 45 21 27 9 4 16 30 19 0 23 11 6 16 36 45 35 17 11 0 27 5 29 0 34 7 44 3 0 41 0 42 29 31 10 4 1 0 6 19 5 35 10 18 28 25 19 41 25 35 25 21 6 44 15 11 23 7 0 15 17 10 15 44 28 21 42 6 47 19 36 12 0 36 1 20 5 22 26 0 25 46 10 39 3 6 0 30 13 39 43 42 1 28 8 39 14 31 47 46 21 6 19 44 30 9 44 0 47 37 40 22 39 33 42 45 18 21 43 25 5 0 23 2 46 37 23 48 0 4 5 34 20 20 41 0 3 46 10 12 11 44 14 19 13 20 23 18 42 42 11 12 3 43 16 24 0 44 28 33 5 9 15 14 5 29 39 15 31 21 0 14 45 21 12 42 9 0 12 32 47 4 36 45 0 46 43 29 35 29 6 35 0 1 21 22 44 42 14 26 12 46 19 19 21 0 29 28 32 24 41 39 14 17 32 42 25 41 46 0 30 13 7 40 31 31 0 26 25 12 34 34 13 0 11 14 40 11 38 47 21 34 27 3 19
SYNTH_catalan_mod3 3 300 1 1 2 2 2 0 0 0 2 2 2 1 1 1 0 0 0 0 0 0 0 0 0 0 0 0 2 2 2 1 1 1 0 0 0 1 1 1 2 2 2 0 0 0 0 0 0 0 0 0 0 0 0 0 0 0 0 0 0 0 0 0 0 0 0 0 0 0 0 0 0 0 0 0 0 0 0 0 0 0 2 2 2 1 1 1 0 0 0 1 1 1 2 2 2 0 0 0 0 0 0 0 0 0 0 0 0 1 1 1 2 2 2 0 0 0 2 2 2 1 1 1 0 0 0 0 0 0 0 0 0 0 0 0 0 0 0 0 0 0 0 0 0 0 0 0 0 0 0 0 0 0 0 0 0 0 0 0 0 0 0 0 0 0 0 0 0 0 0 0 0 0 0 0 0 0 0 0 0 0 0 0 0 0 0 0 0 0 0 0 0 0 0 0 0 0 0 0 0 0 0 0 0 0 0 0 0 0 0 0 0 0 0 0 0 0 0 0 0 0 0 0 0 0 0 0 0 0 0 0 0 0 0 0 0 0 0 0 0 0 0 0 2 2 2 1 1 1 0 0 0 1 1 1 2 2 2 0 0 0 0 0 0 0 0 0 0 0 0 1 1 1 2 2 2 0 0 0 2 2 2 1 1 1 0 0 0 0 0 0 0 0 0 0 0 0 0 0 0 0
SYNTH_catalan_mod5 5 300 1 1 2 0 4 2 2 4 0 2 1 1 2 0 0 0 0 0 0 0 0 0 0 0 4 2 2 4 0 3 4 4 3 0 4 2 2 4 0 0 0 0 0 0 0 0 0 0 0 2 1 1 2 0 4 2 2 4 0 2 1 1 2 0 0 0 0 0 0 0 0 0 0 0 0 0 0 0 0 0 0 0 0 0 0 0 0 0 0 0 0 0 0 0 0 0 0 0 0 0 0 0 0 0 0 0 0 0 0 0 0 0 0 0 0 0 0 0 0 0 0 0 0 0 4 2 2 4 0 3 4 4 3 0 4 2 2 4 0 0 0 0 0 0 0 0 0 0 0 3 4 4 3 0 1 3 3 1 0 3 4 4 3 0 0 0 0 0 0 0 0 0 0 0 4 2 2 4 0 3 4 4 3 0 4 2 2 4 0 0 0 0 0 0 0 0 0 0 0 0 0 0 0 0 0 0 0 0 0 0 0 0 0 0 0 0 0 0 0 0 0 0 0 0 0 0 0 0 0 0 0 0 0 0 0 0 0 0 0 0 0 0 0 0 0 0 0 0 0 2 1 1 2 0 4 2 2 4 0 2 1 1 2 0 0 0 0 0 0 0 0 0 0 0 4 2 2 4 0 3 4 4 3 0 4 2 2 4 0 0 0 0 0 0 0 0 0 0 0 2
SYNTH_catalan_mod7 7 300 1 1 2 5 0 0 6 2 2 4 3 0 0 4 6 6 5 2 0 0 4 6 6 5 2 0 0 0 0 0 0 0 0 0 0 0 0 0 0 0 0 0 0 0 0 0 0 0 6 2 2 4 3 0 0 5 4 4 1 6 0 0 1 5 5 3 4 0 0 1 5 5 3 4 0 0 0 0 0 0 0 0 0 0 0 0 0 0 0 0 0 0 0 0 0 0 0 4 6 6 5 2 0 0 1 5 5 3 4 0 0 3 1 1 2 5 0 0 3 1 1 2 5 0 0 0 0 0 0 0 0 0 0 0 0 0 0 0 0 0 0 0 0 0 0 0 4 6 6 5 2 0 0 1 5 5 3 4 0 0 3 1 1 2 5 0 0 3 1 1 2 5 0 0 0 0 0 0 0 0 0 0 0 0 0 0 0 0 0 0 0 0 0 0 0 0 0 0 0 0 0 0 0 0 0 0 0 0 0 0 0 0 0 0 0 0 0 0 0 0 0 0 0 0 0 0 0 0 0 0 0 0 0 0 0 0 0 0 0 0 0 0 0 0 0 0 0 0 0 0 0 0 0 0 0 0 0 0 0 0 0 0 0 0 0 0 0 0 0 0 0 0 0 0 0 0 0 0 0 0 0 0 0 0 0 0 0 0 0 0 0 0 0 0 0 0 0 0 0 0
SYNTH_catalan_mod11 11 300 1 1 2 5 3 9 0 0 0 0 10 2 2 4 10 6 7 0 0 0 0 8 6 6 1 8 7 10 0 0 0 0 1 9 9 7 1 5 4 0 0 0 0 9 4 4 8 9 1 3 0 0 0 0 6 10 10 9 6 8 2 0 0 0 0 0 0 0 0 0 0 0 0 0 0 0 0 0 0 0 0 0 0 0 0 0 0 0 0 0 0 0 0 0 0 0 0 0 0 0 0 0 0 0 0 0 0 0 0 0 0 0 0 0 0 0 0 0 0 0 10 2 2 4 10 6 7 0 0 0 0 9 4 4 8 9 1 3 0 0 0 0 5 1 1 2 5 3 9 0 0 0 0 2 7 7 3 2 10 8 0 0 0 0 7 8 8 5 7 2 6 0 0 0 0 1 9 9 7 1 5 4 0 0 0 0 0 0 0 0 0 0 0 0 0 0 0 0 0 0 0 0 0 0 0 0 0 0 0 0 0 0 0 0 0 0 0 0 0 0 0 0 0 0 0 0 0 0 0 0 0 0 0 0 0 0 0 0 0 0 0 8 6 6 1 8 7 10 0 0 0 0 5 1 1 2 5 3 9 0 0 0 0 4 3 3 6 4 9 5 0 0 0 0 6 10 10 9 6 8 2 0 0 0 0 10 2 2 4 10 6 7 0 0 0 0 3 5 5 10
SYNTH_catalan_mod13 13 300 1 1 2 5 1 3 2 0 0 0 0 0 12 2 2 4 10 2 6 4 0 0 0 0 0 10 6 6 12 4 6 5 12 0 0 0 0 0 3 7 7 1 9 7 8 1 0 0 0 0 0 4 5 5 10 12 5 2 10 0 0 0 0 0 4 5 5 10 12 5 2 10 0 0 0 0 0 6 1 1 2 5 1 3 2 0 0 0 0 0 0 0 0 0 0 0 0 0 0 0 0 0 0 0 0 0 0 0 0 0 0 0 0 0 0 0 0 0 0 0 0 0 0 0 0 0 0 0 0 0 0 0 0 0 0 0 0 0 0 0 0 0 0 0 0 0 0 0 0 0 0 0 0 0 0 0 0 0 0 0 0 0 0 0 0 0 0 0 12 2 2 4 10 2 6 4 0 0 0 0 0 11 4 4 8 7 4 12 8 0 0 0 0 0 7 12 12 11 8 12 10 11 0 0 0 0 0 6 1 1 2 5 1 3 2 0 0 0 0 0 8 10 10 7 11 10 4 7 0 0 0 0 0 8 10 10 7 11 10 4 7 0 0 0 0 0 12 2 2 4 10 2 6 4 0 0 0 0 0 0 0 0 0 0 0 0 0 0 0 0 0 0 0 0 0 0 0 0 0 0 0 0 0 0 0 0 0 0 0 0 0 0 0 0 0 0 0 0 0 0
SYNTH_bell_mod5 5 300 1 1 2 0 0 2 3 2 0 2 0 0 2 2 2 0 2 4 4 2 2 1 3 1 4 3 4 4 0 2 2 3 4 2 4 0 2 1 1 4 2 3 2 0 1 0 0 2 1 1 0 2 3 2 1 2 0 0 3 3 2 0 3 1 0 2 3 4 1 2 0 2 0 3 2 2 2 3 0 4 4 0 3 4 3 4 3 2 2 2 2 0 4 4 4 2 4 3 3 1 1 2 1 4 2 3 3 0 1 0 1 3 1 1 1 4 4 2 2 0 3 1 4 2 3 4 0 1 0 2 4 1 1 2 1 0 2 3 3 1 2 0 1 4 3 2 1 0 2 0 3 1 2 2 3 4 3 4 0 2 2 2 4 2 4 4 1 1 1 3 0 2 2 4 3 2 4 1 2 0 1 0 3 2 1 1 3 0 3 2 4 3 3 0 1 2 1 3 1 3 3 4 4 4 1 2 3 3 0 3 0 1 3 3 3 1 4 1 1 4 0 0 2 0 4 0 2 2 4 4 2 4 1 3 1 1 0 4 4 2 1 4 3 1 3 0 2 4 4 3 2 1 3 2 0 3 4 0 2 3 2 4 2 0 0 1 1 2 0 1 2 3 2 1 3 0 0 3 4 3 0 3 2 2 3 3 0 4 0 1 3 4 4 1 4 2 3 0 0 1
SYNTH_bell_mod7 7 300 1 1 2 5 1 3 0 2 3 0 6 4 3 2 5 3 6 3 0 5 0 1 2 2 3 5 5 1 3 4 5 1 3 6 4 0 2 6 4 2 3 4 2 1 3 6 5 0 6 3 4 2 4 5 6 2 0 6 6 2 4 1 2 6 5 1 6 5 3 1 4 6 0 4 1 4 5 3 6 4 5 5 2 1 2 3 2 3 0 3 3 5 5 5 3 3 6 1 3 3 1 6 2 0 4 6 4 0 1 2 4 3 3 4 1 3 6 0 6 0 5 4 2 6 6 6 5 2 6 1 5 5 4 0 1 0 6 3 2 4 1 1 6 2 5 6 5 2 0 1 0 4 4 0 2 1 1 4 1 4 2 3 2 5 5 5 6 5 5 0 3 3 4 4 3 5 3 6 0 1 0 1 1 2 6 1 1 1 2 3 1 0 2 2 3 5 4 1 2 4 5 1 2 5 3 6 2 6 3 0 1 2 1 1 2 3 1 3 3 2 3 5 4 4 6 5 5 1 2 1 3 4 3 6 3 3 4 0 0 2 2 6 0 4 0 2 4 1 6 4 4 2 6 5 0 3 1 6 1 4 5 3 4 0 0 5 2 1 0 4 0 5 0 3 1 4 4 5 5 3 4 5 1 2 3 1 0 2 6 3 5 4 1 2 1 2 1 2 5 3
SYNTH_bell_mod11 11 300 1 1 2 5 4 8 5 8 4 5 2 2 3 7 9 1 2 2 1 9 7 4 5 10 5 10 3 4 3 10 5 0 9 4 4 4 2 7 7 2 4 5 9 2 8 8 6 9 3 9 6 9 3 0 10 5 3 4 1 1 4 4 1 3 10 4 8 7 5 2 5 8 5 4 2 3 1 4 1 7 7 2 2 9 6 5 4 5 5 8 3 9 4 0 4 0 9 9 10 2 0 1 2 4 4 4 9 7 8 1 2 1 3 6 8 8 2 5 4 9 3 3 4 9 3 5 10 7 9 2 1 6 7 2 1 8 4 6 5 0 3 7 2 9 3 9 1 10 0 5 3 10 9 0 1 1 10 0 10 5 8 2 8 9 1 2 0 10 10 4 2 10 10 6 10 3 2 10 9 3 6 1 9 5 5 2 5 1 8 1 9 7 10 3 10 7 7 6 9 9 10 5 6 2 2 6 3 2 4 7 8 4 0 8 4 8 9 5 6 0 4 1 4 8 1 1 6 3 0 6 4 5 5 1 9 2 7 9 3 6 10 9 10 6 10 0 9 5 1 9 5 8 8 5 5 10 9 3 6 10 3 2 5 2 10 4 8 1 9 5 2 5 7 7 1 3 1 9 10 3 7 7 1 3 8 4 4 10 8 2 10 3 8 4 0 1 8 3 7 10
SYNTH_bell_mod13 13 300 1 1 2 5 2 0 8 6 6 9 2 9 11 2 3 7 7 2 8 1 12 2 11 11 7 0 5 10 1 9 10 9 0 1 0 9 5 7 5 2 11 10 6 6 9 1 1 9 1 12 12 7 0 8 3 12 2 10 2 10 10 0 11 6 7 8 11 2 1 12 12 12 7 10 11 4 0 2 6 0 3 0 11 11 6 4 8 2 4 2 8 6 3 3 11 9 4 10 12 10 6 6 10 1 9 6 1 7 0 1 9 9 3 12 3 11 10 2 7 8 7 1 10 5 12 2 2 1 8 12 9 2 2 8 11 2 4 1 4 3 9 7 8 11 4 10 6 0 6 5 5 7 12 3 2 6 2 1 3 6 6 11 10 12 6 2 5 8 8 3 4 9 12 4 8 9 5 8 7 0 3 11 7 0 8 3 12 4 1 0 2 7 3 1 5 7 8 11 2 3 5 1 2 9 10 4 6 12 2 6 0 5 8 6 3 11 6 1 10 5 1 8 6 5 0 1 9 1 4 7 11 2 6 9 1 11 5 1 10 10 5 11 5 0 8 2 10 12 3 6 11 7 2 3 3 5 8 10 12 9 2 9 4 5 9 5 6 8 0 5 9 8 11 11 0 9 1 1 11 1 8 5 1 4 6 9 11 9 10 2 12 12 9 0 6 5 10 2 7 7
SYNTH_cbc_mod3 3 300 1 2 0 2 1 0 0 0 0 2 1 0 1 2 0 0 0 0 0 0 0 0 0 0 0 0 0 2 1 0 1 2 0 0 0 0 1 2 0 2 1 0 0 0 0 0 0 0 0 0 0 0 0 0 0 0 0 0 0 0 0 0 0 0 0 0 0 0 0 0 0 0 0 0 0 0 0 0 0 0 0 2 1 0 1 2 0 0 0 0 1 2 0 2 1 0 0 0 0 0 0 0 0 0 0 0 0 0 1 2 0 2 1 0 0 0 0 2 1 0 1 2 0 0 0 0 0 0 0 0 0 0 0 0 0 0 0 0 0 0 0 0 0 0 0 0 0 0 0 0 0 0 0 0 0 0 0 0 0 0 0 0 0 0 0 0 0 0 0 0 0 0 0 0 0 0 0 0 0 0 0 0 0 0 0 0 0 0 0 0 0 0 0 0 0 0 0 0 0 0 0 0 0 0 0 0 0 0 0 0 0 0 0 0 0 0 0 0 0 0 0 0 0 0 0 0 0 0 0 0 0 0 0 0 0 0 0 0 0 0 0 0 0 2 1 0 1 2 0 0 0 0 1 2 0 2 1 0 0 0 0 0 0 0 0 0 0 0 0 0 1 2 0 2 1 0 0 0 0 2 1 0 1 2 0 0 0 0 0 0 0 0 0 0 0 0 0 0 0 0
SYNTH_cbc_mod5 5 300 1 2 1 0 0 2 4 2 0 0 1 2 1 0 0 0 0 0 0 0 0 0 0 0 0 2 4 2 0 0 4 3 4 0 0 2 4 2 0 0 0 0 0 0 0 0 0 0 0 0 1 2 1 0 0 2 4 2 0 0 1 2 1 0 0 0 0 0 0 0 0 0 0 0 0 0 0 0 0 0 0 0 0 0 0 0 0 0 0 0 0 0 0 0 0 0 0 0 0 0 0 0 0 0 0 0 0 0 0 0 0 0 0 0 0 0 0 0 0 0 0 0 0 0 0 2 4 2 0 0 4 3 4 0 0 2 4 2 0 0 0 0 0 0 0 0 0 0 0 0 4 3 4 0 0 3 1 3 0 0 4 3 4 0 0 0 0 0 0 0 0 0 0 0 0 2 4 2 0 0 4 3 4 0 0 2 4 2 0 0 0 0 0 0 0 0 0 0 0 0 0 0 0 0 0 0 0 0 0 0 0 0 0 0 0 0 0 0 0 0 0 0 0 0 0 0 0 0 0 0 0 0 0 0 0 0 0 0 0 0 0 0 0 0 0 0 0 0 0 0 1 2 1 0 0 2 4 2 0 0 1 2 1 0 0 0 0 0 0 0 0 0 0 0 0 2 4 2 0 0 4 3 4 0 0 2 4 2 0 0 0 0 0 0 0 0 0 0 0 0
SYNTH_cbc_mod7 7 300 1 2 6 6 0 0 0 2 4 5 5 0 0 0 6 5 1 1 0 0 0 6 5 1 1 0 0 0 0 0 0 0 0 0 0 0 0 0 0 0 0 0 0 0 0 0 0 0 0 2 4 5 5 0 0 0 4 1 3 3 0 0 0 5 3 2 2 0 0 0 5 3 2 2 0 0 0 0 0 0 0 0 0 0 0 0 0 0 0 0 0 0 0 0 0 0 0 0 6 5 1 1 0 0 0 5 3 2 2 0 0 0 1 2 6 6 0 0 0 1 2 6 6 0 0 0 0 0 0 0 0 0 0 0 0 0 0 0 0 0 0 0 0 0 0 0 0 6 5 1 1 0 0 0 5 3 2 2 0 0 0 1 2 6 6 0 0 0 1 2 6 6 0 0 0 0 0 0 0 0 0 0 0 0 0 0 0 0 0 0 0 0 0 0 0 0 0 0 0 0 0 0 0 0 0 0 0 0 0 0 0 0 0 0 0 0 0 0 0 0 0 0 0 0 0 0 0 0 0 0 0 0 0 0 0 0 0 0 0 0 0 0 0 0 0 0 0 0 0 0 0 0 0 0 0 0 0 0 0 0 0 0 0 0 0 0 0 0 0 0 0 0 0 0 0 0 0 0 0 0 0 0 0 0 0 0 0 0 0 0 0 0 0 0 0 0 0 0 0 0
SYNTH_cbc_mod11 11 300 1 2 6 9 4 10 0 0 0 0 0 2 4 1 7 8 9 0 0 0 0 0 6 1 3 10 2 5 0 0 0 0 0 9 7 10 4 3 2 0 0 0 0 0 4 8 2 3 5 7 0 0 0 0 0 10 9 5 2 7 1 0 0 0 0 0 0 0 0 0 0 0 0 0 0 0 0 0 0 0 0 0 0 0 0 0 0 0 0 0 0 0 0 0 0 0 0 0 0 0 0 0 0 0 0 0 0 0 0 0 0 0 0 0 0 0 0 0 0 0 0 2 4 1 7 8 9 0 0 0 0 0 4 8 2 3 5 7 0 0 0 0 0 1 2 6 9 4 10 0 0 0 0 0 7 3 9 8 6 4 0 0 0 0 0 8 5 4 6 10 3 0 0 0 0 0 9 7 10 4 3 2 0 0 0 0 0 0 0 0 0 0 0 0 0 0 0 0 0 0 0 0 0 0 0 0 0 0 0 0 0 0 0 0 0 0 0 0 0 0 0 0 0 0 0 0 0 0 0 0 0 0 0 0 0 0 0 0 0 0 0 0 6 1 3 10 2 5 0 0 0 0 0 1 2 6 9 4 10 0 0 0 0 0 3 6 7 5 1 8 0 0 0 0 0 10 9 5 2 7 1 0 0 0 0 0 2 4 1 7 8 9 0 0 0 0 0 5 10 8
SYNTH_fib_mod6 6 500 0 1 1 2 3 5 2 1 3 4 1 5 0 5 5 4 3 1 4 5 3 2 5 1 0 1 1 2 3 5 2 1 3 4 1 5 0 5 5 4 3 1 4 5 3 2 5 1 0 1 1 2 3 5 2 1 3 4 1 5 0 5 5 4 3 1 4 5 3 2 5 1 0 1 1 2 3 5 2 1 3 4 1 5 0 5 5 4 3 1 4 5 3 2 5 1 0 1 1 2 3 5 2 1 3 4 1 5 0 5 5 4 3 1 4 5 3 2 5 1 0 1 1 2 3 5 2 1 3 4 1 5 0 5 5 4 3 1 4 5 3 2 5 1 0 1 1 2 3 5 2 1 3 4 1 5 0 5 5 4 3 1 4 5 3 2 5 1 0 1 1 2 3 5 2 1 3 4 1 5 0 5 5 4 3 1 4 5 3 2 5 1 0 1 1 2 3 5 2 1 3 4 1 5 0 5 5 4 3 1 4 5 3 2 5 1 0 1 1 2 3 5 2 1 3 4 1 5 0 5 5 4 3 1 4 5 3 2 5 1 0 1 1 2 3 5 2 1 3 4 1 5 0 5 5 4 3 1 4 5 3 2 5 1 0 1 1 2 3 5 2 1 3 4 1 5 0 5 5 4 3 1 4 5 3 2 5 1 0 1 1 2 3 5 2 1 3 4 1 5 0 5 5 4 3 1 4 5 3 2 5 1 0 1 1 2 3 5 2 1 3 4 1 5 0 5 5 4 3 1 4 5 3 2 5 1 0 1 1 2 3 5 2 1 3 4 1 5 0 5 5 4 3 1 4 5 3 2 5 1 0 1 1 2 3 5 2 1 3 4 1 5 0 5 5 4 3 1 4 5 3 2 5 1 0 1 1 2 3 5 2 1 3 4 1 5 0 5 5 4 3 1 4 5 3 2 5 1 0 1 1 2 3 5 2 1 3 4 1 5 0 5 5 4 3 1 4 5 3 2 5 1 0 1 1 2 3 5 2 1 3 4 1 5 0 5 5 4 3 1 4 5 3 2 5 1 0 1 1 2 3 5 2 1 3 4 1 5 0 5 5 4 3 1 4 5 3 2 5 1 0 1 1 2 3 5 2 1 3 4 1 5 0 5 5 4 3 1 4 5
SYNTH_fib_mod10 10 500 0 1 1 2 3 5 8 3 1 4 5 9 4 3 7 0 7 7 4 1 5 6 1 7 8 5 3 8 1 9 0 9 9 8 7 5 2 7 9 6 5 1 6 7 3 0 3 3 6 9 5 4 9 3 2 5 7 2 9 1 0 1 1 2 3 5 8 3 1 4 5 9 4 3 7 0 7 7 4 1 5 6 1 7 8 5 3 8 1 9 0 9 9 8 7 5 2 7 9 6 5 1 6 7 3 0 3 3 6 9 5 4 9 3 2 5 7 2 9 1 0 1 1 2 3 5 8 3 1 4 5 9 4 3 7 0 7 7 4 1 5 6 1 7 8 5 3 8 1 9 0 9 9 8 7 5 2 7 9 6 5 1 6 7 3 0 3 3 6 9 5 4 9 3 2 5 7 2 9 1 0 1 1 2 3 5 8 3 1 4 5 9 4 3 7 0 7 7 4 1 5 6 1 7 8 5 3 8 1 9 0 9 9 8 7 5 2 7 9 6 5 1 6 7 3 0 3 3 6 9 5 4 9 3 2 5 7 2 9 1 0 1 1 2 3 5 8 3 1 4 5 9 4 3 7 0 7 7 4 1 5 6 1 7 8 5 3 8 1 9 0 9 9 8 7 5 2 7 9 6 5 1 6 7 3 0 3 3 6 9 5 4 9 3 2 5 7 2 9 1 0 1 1 2 3 5 8 3 1 4 5 9 4 3 7 0 7 7 4 1 5 6 1 7 8 5 3 8 1 9 0 9 9 8 7 5 2 7 9 6 5 1 6 7 3 0 3 3 6 9 5 4 9 3 2 5 7 2 9 1 0 1 1 2 3 5 8 3 1 4 5 9 4 3 7 0 7 7 4 1 5 6 1 7 8 5 3 8 1 9 0 9 9 8 7 5 2 7 9 6 5 1 6 7 3 0 3 3 6 9 5 4 9 3 2 5 7 2 9 1 0 1 1 2 3 5 8 3 1 4 5 9 4 3 7 0 7 7 4 1 5 6 1 7 8 5 3 8 1 9 0 9 9 8 7 5 2 7 9 6 5 1 6 7 3 0 3 3 6 9 5 4 9 3 2 5 7 2 9 1 0 1 1 2 3 5 8 3 1 4 5 9 4 3 7 0 7 7 4 1
SYNTH_fib_mod12 12 500 0 1 1 2 3 5 8 1 9 10 7 5 0 5 5 10 3 1 4 5 9 2 11 1 0 1 1 2 3 5 8 1 9 10 7 5 0 5 5 10 3 1 4 5 9 2 11 1 0 1 1 2 3 5 8 1 9 10 7 5 0 5 5 10 3 1 4 5 9 2 11 1 0 1 1 2 3 5 8 1 9 10 7 5 0 5 5 10 3 1 4 5 9 2 11 1 0 1 1 2 3 5 8 1 9 10 7 5 0 5 5 10 3 1 4 5 9 2 11 1 0 1 1 2 3 5 8 1 9 10 7 5 0 5 5 10 3 1 4 5 9 2 11 1 0 1 1 2 3 5 8 1 9 10 7 5 0 5 5 10 3 1 4 5 9 2 11 1 0 1 1 2 3 5 8 1 9 10 7 5 0 5 5 10 3 1 4 5 9 2 11 1 0 1 1 2 3 5 8 1 9 10 7 5 0 5 5 10 3 1 4 5 9 2 11 1 0 1 1 2 3 5 8 1 9 10 7 5 0 5 5 10 3 1 4 5 9 2 11 1 0 1 1 2 3 5 8 1 9 10 7 5 0 5 5 10 3 1 4 5 9 2 11 1 0 1 1 2 3 5 8 1 9 10 7 5 0 5 5 10 3 1 4 5 9 2 11 1 0 1 1 2 3 5 8 1 9 10 7 5 0 5 5 10 3 1 4 5 9 2 11 1 0 1 1 2 3 5 8 1 9 10 7 5 0 5 5 10 3 1 4 5 9 2 11 1 0 1 1 2 3 5 8 1 9 10 7 5 0 5 5 10 3 1 4 5 9 2 11 1 0 1 1 2 3 5 8 1 9 10 7 5 0 5 5 10 3 1 4 5 9 2 11 1 0 1 1 2 3 5 8 1 9 10 7 5 0 5 5 10 3 1 4 5 9 2 11 1 0 1 1 2 3 5 8 1 9 10 7 5 0 5 5 10 3 1 4 5 9 2 11 1 0 1 1 2 3 5 8 1 9 10 7 5 0 5 5 10 3 1 4 5 9 2 11 1 0 1 1 2 3 5 8 1 9 10 7 5 0 5 5 10 3 1 4 5 9 2 11 1 0 1 1 2 3 5 8 1 9 10 7 5 0 5 5 10 3 1 4 5
SYNTH_fib_mod15 15 500 0 1 1 2 3 5 8 13 6 4 10 14 9 8 2 10 12 7 4 11 0 11 11 7 3 10 13 8 6 14 5 4 9 13 7 5 12 2 14 1 0 1 1 2 3 5 8 13 6 4 10 14 9 8 2 10 12 7 4 11 0 11 11 7 3 10 13 8 6 14 5 4 9 13 7 5 12 2 14 1 0 1 1 2 3 5 8 13 6 4 10 14 9 8 2 10 12 7 4 11 0 11 11 7 3 10 13 8 6 14 5 4 9 13 7 5 12 2 14 1 0 1 1 2 3 5 8 13 6 4 10 14 9 8 2 10 12 7 4 11 0 11 11 7 3 10 13 8 6 14 5 4 9 13 7 5 12 2 14 1 0 1 1 2 3 5 8 13 6 4 10 14 9 8 2 10 12 7 4 11 0 11 11 7 3 10 13 8 6 14 5 4 9 13 7 5 12 2 14 1 0 1 1 2 3 5 8 13 6 4 10 14 9 8 2 10 12 7 4 11 0 11 11 7 3 10 13 8 6 14 5 4 9 13 7 5 12 2 14 1 0 1 1 2 3 5 8 13 6 4 10 14 9 8 2 10 12 7 4 11 0 11 11 7 3 10 13 8 6 14 5 4 9 13 7 5 12 2 14 1 0 1 1 2 3 5 8 13 6 4 10 14 9 8 2 10 12 7 4 11 0 11 11 7 3 10 13 8 6 14 5 4 9 13 7 5 12 2 14 1 0 1 1 2 3 5 8 13 6 4 10 14 9 8 2 10 12 7 4 11 0 11 11 7 3 10 13 8 6 14 5 4 9 13 7 5 12 2 14 1 0 1 1 2 3 5 8 13 6 4 10 14 9 8 2 10 12 7 4 11 0 11 11 7 3 10 13 8 6 14 5 4 9 13 7 5 12 2 14 1 0 1 1 2 3 5 8 13 6 4 10 14 9 8 2 10 12 7 4 11 0 11 11 7 3 10 13 8 6 14 5 4 9 13 7 5 12 2 14 1 0 1 1 2 3 5 8 13 6 4 10 14 9 8 2 10 12 7 4 11 0 11 11 7 3 10 13 8 6 14 5 4 9 13 7 5 12 2 14 1 0 1 1 2 3 5 8 13 6 4 10 14 9 8 2 10 12 7 4 11
SYNTH_fib_mod21 21 500 0 1 1 2 3 5 8 13 0 13 13 5 18 2 20 1 0 1 1 2 3 5 8 13 0 13 13 5 18 2 20 1 0 1 1 2 3 5 8 13 0 13 13 5 18 2 20 1 0 1 1 2 3 5 8 13 0 13 13 5 18 2 20 1 0 1 1 2 3 5 8 13 0 13 13 5 18 2 20 1 0 1 1 2 3 5 8 13 0 13 13 5 18 2 20 1 0 1 1 2 3 5 8 13 0 13 13 5 18 2 20 1 0 1 1 2 3 5 8 13 0 13 13 5 18 2 20 1 0 1 1 2 3 5 8 13 0 13 13 5 18 2 20 1 0 1 1 2 3 5 8 13 0 13 13 5 18 2 20 1 0 1 1 2 3 5 8 13 0 13 13 5 18 2 20 1 0 1 1 2 3 5 8 13 0 13 13 5 18 2 20 1 0 1 1 2 3 5 8 13 0 13 13 5 18 2 20 1 0 1 1 2 3 5 8 13 0 13 13 5 18 2 20 1 0 1 1 2 3 5 8 13 0 13 13 5 18 2 20 1 0 1 1 2 3 5 8 13 0 13 13 5 18 2 20 1 0 1 1 2 3 5 8 13 0 13 13 5 18 2 20 1 0 1 1 2 3 5 8 13 0 13 13 5 18 2 20 1 0 1 1 2 3 5 8 13 0 13 13 5 18 2 20 1 0 1 1 2 3 5 8 13 0 13 13 5 18 2 20 1 0 1 1 2 3 5 8 13 0 13 13 5 18 2 20 1 0 1 1 2 3 5 8 13 0 13 13 5 18 2 20 1 0 1 1 2 3 5 8 13 0 13 13 5 18 2 20 1 0 1 1 2 3 5 8 13 0 13 13 5 18 2 20 1 0 1 1 2 3 5 8 13 0 13 13 5 18 2 20 1 0 1 1 2 3 5 8 13 0 13 13 5 18 2 20 1 0 1 1 2 3 5 8 13 0 13 13 5 18 2 20 1 0 1 1 2 3 5 8 13 0 13 13 5 18 2 20 1 0 1 1 2 3 5 8 13 0 13 13 5 18 2 20 1 0 1 1 2 3 5 8 13 0 13 13 5 18 2 20 1 0 1 1 2 3 5 8 13 0 13 13 5 18 2 20 1 0 1 1 2
SYNTH_fib_mod35 35 500 0 1 1 2 3 5 8 13 21 34 20 19 4 23 27 15 7 22 29 16 10 26 1 27 28 20 13 33 11 9 20 29 14 8 22 30 17 12 29 6 0 6 6 12 18 30 13 8 21 29 15 9 24 33 22 20 7 27 34 26 25 16 6 22 28 15 8 23 31 19 15 34 14 13 27 5 32 2 34 1 0 1 1 2 3 5 8 13 21 34 20 19 4 23 27 15 7 22 29 16 10 26 1 27 28 20 13 33 11 9 20 29 14 8 22 30 17 12 29 6 0 6 6 12 18 30 13 8 21 29 15 9 24 33 22 20 7 27 34 26 25 16 6 22 28 15 8 23 31 19 15 34 14 13 27 5 32 2 34 1 0 1 1 2 3 5 8 13 21 34 20 19 4 23 27 15 7 22 29 16 10 26 1 27 28 20 13 33 11 9 20 29 14 8 22 30 17 12 29 6 0 6 6 12 18 30 13 8 21 29 15 9 24 33 22 20 7 27 34 26 25 16 6 22 28 15 8 23 31 19 15 34 14 13 27 5 32 2 34 1 0 1 1 2 3 5 8 13 21 34 20 19 4 23 27 15 7 22 29 16 10 26 1 27 28 20 13 33 11 9 20 29 14 8 22 30 17 12 29 6 0 6 6 12 18 30 13 8 21 29 15 9 24 33 22 20 7 27 34 26 25 16 6 22 28 15 8 23 31 19 15 34 14 13 27 5 32 2 34 1 0 1 1 2 3 5 8 13 21 34 20 19 4 23 27 15 7 22 29 16 10 26 1 27 28 20 13 33 11 9 20 29 14 8 22 30 17 12 29 6 0 6 6 12 18 30 13 8 21 29 15 9 24 33 22 20 7 27 34 26 25 16 6 22 28 15 8 23 31 19 15 34 14 13 27 5 32 2 34 1 0 1 1 2 3 5 8 13 21 34 20 19 4 23 27 15 7 22 29 16 10 26 1 27 28 20 13 33 11 9 20 29 14 8 22 30 17 12 29 6 0 6 6 12 18 30 13 8 21 29 15 9 24 33 22 20 7 27 34 26 25 16 6 22 28 15 8 23 31 19 15 34 14 13 27 5 32 2 34 1 0 1 1 2 3 5 8 13 21 34 20 19 4 23 27 15 7 22 29 16
