A007814_A2 2 500 0 1 0 0 0 1 0 1 0 1 0 0 0 1 0 0 0 1 0 0 0 1 0 1 0 1 0 0 0 1 0 1 0 1 0 0 0 1 0 1 0 1 0 0 0 1 0 0 0 1 0 0 0 1 0 1 0 1 0 0 0 1 0 0 0 1 0 0 0 1 0 1 0 1 0 0 0 1 0 0 0 1 0 0 0 1 0 1 0 1 0 0 0 1 0 1 0 1 0 0 0 1 0 1 0 1 0 0 0 1 0 0 0 1 0 0 0 1 0 1 0 1 0 0 0 1 0 1 0 1 0 0 0 1 0 1 0 1 0 0 0 1 0 0 0 1 0 0 0 1 0 1 0 1 0 0 0 1 0 1 0 1 0 0 0 1 0 1 0 1 0 0 0 1 0 0 0 1 0 0 0 1 0 1 0 1 0 0 0 1 0 0 0 1 0 0 0 1 0 1 0 1 0 0 0 1 0 0 0 1 0 0 0 1 0 1 0 1 0 0 0 1 0 1 0 1 0 0 0 1 0 1 0 1 0 0 0 1 0 0 0 1 0 0 0 1 0 1 0 1 0 0 0 1 0 0 0 1 0 0 0 1 0 1 0 1 0 0 0 1 0 0 0 1 0 0 0 1 0 1 0 1 0 0 0 1 0 1 0 1 0 0 0 1 0 1 0 1 0 0 0 1 0 0 0 1 0 0 0 1 0 1 0 1 0 0 0 1 0 0 0 1 0 0 0 1 0 1 0 1 0 0 0 1 0 0 0 1 0 0 0 1 0 1 0 1 0 0 0 1 0 1 0 1 0 0 0 1 0 1 0 1 0 0 0 1 0 0 0 1 0 0 0 1 0 1 0 1 0 0 0 1 0 1 0 1 0 0 0 1 0 1 0 1 0 0 0 1 0 0 0 1 0 0 0 1 0 1 0 1 0 0 0 1 0 1 0 1 0 0 0 1 0 1 0 1 0 0 0 1 0 0 0 1 0 0 0 1 0 1 0 1 0 0 0 1 0 0 0 1 0 0 0 1 0 1 0 1 0 0 0 1 0 0 0 1 0 0 0 1 0 1 0 1 0 0 0 1 0 1 0 1 0 0 0 1 0 1 0 1 0 0 0 1 0 0 0 1 0 0
A007814_A3 3 500 0 1 0 2 0 1 0 0 0 1 0 2 0 1 0 1 0 1 0 2 0 1 0 0 0 1 0 2 0 1 0 2 0 1 0 2 0 1 0 0 0 1 0 2 0 1 0 1 0 1 0 2 0 1 0 0 0 1 0 2 0 1 0 0 0 1 0 2 0 1 0 0 0 1 0 2 0 1 0 1 0 1 0 2 0 1 0 0 0 1 0 2 0 1 0 2 0 1 0 2 0 1 0 0 0 1 0 2 0 1 0 1 0 1 0 2 0 1 0 0 0 1 0 2 0 1 0 1 0 1 0 2 0 1 0 0 0 1 0 2 0 1 0 1 0 1 0 2 0 1 0 0 0 1 0 2 0 1 0 2 0 1 0 2 0 1 0 0 0 1 0 2 0 1 0 1 0 1 0 2 0 1 0 0 0 1 0 2 0 1 0 0 0 1 0 2 0 1 0 0 0 1 0 2 0 1 0 1 0 1 0 2 0 1 0 0 0 1 0 2 0 1 0 2 0 1 0 2 0 1 0 0 0 1 0 2 0 1 0 1 0 1 0 2 0 1 0 0 0 1 0 2 0 1 0 2 0 1 0 2 0 1 0 0 0 1 0 2 0 1 0 1 0 1 0 2 0 1 0 0 0 1 0 2 0 1 0 2 0 1 0 2 0 1 0 0 0 1 0 2 0 1 0 1 0 1 0 2 0 1 0 0 0 1 0 2 0 1 0 0 0 1 0 2 0 1 0 0 0 1 0 2 0 1 0 1 0 1 0 2 0 1 0 0 0 1 0 2 0 1 0 2 0 1 0 2 0 1 0 0 0 1 0 2 0 1 0 1 0 1 0 2 0 1 0 0 0 1 0 2 0 1 0 1 0 1 0 2 0 1 0 0 0 1 0 2 0 1 0 1 0 1 0 2 0 1 0 0 0 1 0 2 0 1 0 2 0 1 0 2 0 1 0 0 0 1 0 2 0 1 0 1 0 1 0 2 0 1 0 0 0 1 0 2 0 1 0 0 0 1 0 2 0 1 0 0 0 1 0 2 0 1 0 1 0 1 0 2 0 1 0 0 0 1 0 2 0 1 0 2 0 1 0 2 0 1 0 0 0 1 0 2 0 1 0 1 0 1 0 2
A007814_A4 4 500 0 1 0 2 0 1 0 3 0 1 0 2 0 1 0 0 0 1 0 2 0 1 0 3 0 1 0 2 0 1 0 1 0 1 0 2 0 1 0 3 0 1 0 2 0 1 0 0 0 1 0 2 0 1 0 3 0 1 0 2 0 1 0 2 0 1 0 2 0 1 0 3 0 1 0 2 0 1 0 0 0 1 0 2 0 1 0 3 0 1 0 2 0 1 0 1 0 1 0 2 0 1 0 3 0 1 0 2 0 1 0 0 0 1 0 2 0 1 0 3 0 1 0 2 0 1 0 3 0 1 0 2 0 1 0 3 0 1 0 2 0 1 0 0 0 1 0 2 0 1 0 3 0 1 0 2 0 1 0 1 0 1 0 2 0 1 0 3 0 1 0 2 0 1 0 0 0 1 0 2 0 1 0 3 0 1 0 2 0 1 0 2 0 1 0 2 0 1 0 3 0 1 0 2 0 1 0 0 0 1 0 2 0 1 0 3 0 1 0 2 0 1 0 1 0 1 0 2 0 1 0 3 0 1 0 2 0 1 0 0 0 1 0 2 0 1 0 3 0 1 0 2 0 1 0 0 0 1 0 2 0 1 0 3 0 1 0 2 0 1 0 0 0 1 0 2 0 1 0 3 0 1 0 2 0 1 0 1 0 1 0 2 0 1 0 3 0 1 0 2 0 1 0 0 0 1 0 2 0 1 0 3 0 1 0 2 0 1 0 2 0 1 0 2 0 1 0 3 0 1 0 2 0 1 0 0 0 1 0 2 0 1 0 3 0 1 0 2 0 1 0 1 0 1 0 2 0 1 0 3 0 1 0 2 0 1 0 0 0 1 0 2 0 1 0 3 0 1 0 2 0 1 0 3 0 1 0 2 0 1 0 3 0 1 0 2 0 1 0 0 0 1 0 2 0 1 0 3 0 1 0 2 0 1 0 1 0 1 0 2 0 1 0 3 0 1 0 2 0 1 0 0 0 1 0 2 0 1 0 3 0 1 0 2 0 1 0 2 0 1 0 2 0 1 0 3 0 1 0 2 0 1 0 0 0 1 0 2 0 1 0 3 0 1 0 2 0 1 0 1 0 1 0 2 0 1 0 3 0 1 0 2 0 1 0 0 0 1 0 2
A007814_A5 5 500 0 1 0 2 0 1 0 3 0 1 0 2 0 1 0 4 0 1 0 2 0 1 0 3 0 1 0 2 0 1 0 0 0 1 0 2 0 1 0 3 0 1 0 2 0 1 0 4 0 1 0 2 0 1 0 3 0 1 0 2 0 1 0 1 0 1 0 2 0 1 0 3 0 1 0 2 0 1 0 4 0 1 0 2 0 1 0 3 0 1 0 2 0 1 0 0 0 1 0 2 0 1 0 3 0 1 0 2 0 1 0 4 0 1 0 2 0 1 0 3 0 1 0 2 0 1 0 2 0 1 0 2 0 1 0 3 0 1 0 2 0 1 0 4 0 1 0 2 0 1 0 3 0 1 0 2 0 1 0 0 0 1 0 2 0 1 0 3 0 1 0 2 0 1 0 4 0 1 0 2 0 1 0 3 0 1 0 2 0 1 0 1 0 1 0 2 0 1 0 3 0 1 0 2 0 1 0 4 0 1 0 2 0 1 0 3 0 1 0 2 0 1 0 0 0 1 0 2 0 1 0 3 0 1 0 2 0 1 0 4 0 1 0 2 0 1 0 3 0 1 0 2 0 1 0 3 0 1 0 2 0 1 0 3 0 1 0 2 0 1 0 4 0 1 0 2 0 1 0 3 0 1 0 2 0 1 0 0 0 1 0 2 0 1 0 3 0 1 0 2 0 1 0 4 0 1 0 2 0 1 0 3 0 1 0 2 0 1 0 1 0 1 0 2 0 1 0 3 0 1 0 2 0 1 0 4 0 1 0 2 0 1 0 3 0 1 0 2 0 1 0 0 0 1 0 2 0 1 0 3 0 1 0 2 0 1 0 4 0 1 0 2 0 1 0 3 0 1 0 2 0 1 0 2 0 1 0 2 0 1 0 3 0 1 0 2 0 1 0 4 0 1 0 2 0 1 0 3 0 1 0 2 0 1 0 0 0 1 0 2 0 1 0 3 0 1 0 2 0 1 0 4 0 1 0 2 0 1 0 3 0 1 0 2 0 1 0 1 0 1 0 2 0 1 0 3 0 1 0 2 0 1 0 4 0 1 0 2 0 1 0 3 0 1 0 2 0 1 0 0 0 1 0 2 0 1 0 3 0 1 0 2 0 1 0 4 0 1 0 2
A007814_A8 8 500 0 1 0 2 0 1 0 3 0 1 0 2 0 1 0 4 0 1 0 2 0 1 0 3 0 1 0 2 0 1 0 5 0 1 0 2 0 1 0 3 0 1 0 2 0 1 0 4 0 1 0 2 0 1 0 3 0 1 0 2 0 1 0 6 0 1 0 2 0 1 0 3 0 1 0 2 0 1 0 4 0 1 0 2 0 1 0 3 0 1 0 2 0 1 0 5 0 1 0 2 0 1 0 3 0 1 0 2 0 1 0 4 0 1 0 2 0 1 0 3 0 1 0 2 0 1 0 7 0 1 0 2 0 1 0 3 0 1 0 2 0 1 0 4 0 1 0 2 0 1 0 3 0 1 0 2 0 1 0 5 0 1 0 2 0 1 0 3 0 1 0 2 0 1 0 4 0 1 0 2 0 1 0 3 0 1 0 2 0 1 0 6 0 1 0 2 0 1 0 3 0 1 0 2 0 1 0 4 0 1 0 2 0 1 0 3 0 1 0 2 0 1 0 5 0 1 0 2 0 1 0 3 0 1 0 2 0 1 0 4 0 1 0 2 0 1 0 3 0 1 0 2 0 1 0 0 0 1 0 2 0 1 0 3 0 1 0 2 0 1 0 4 0 1 0 2 0 1 0 3 0 1 0 2 0 1 0 5 0 1 0 2 0 1 0 3 0 1 0 2 0 1 0 4 0 1 0 2 0 1 0 3 0 1 0 2 0 1 0 6 0 1 0 2 0 1 0 3 0 1 0 2 0 1 0 4 0 1 0 2 0 1 0 3 0 1 0 2 0 1 0 5 0 1 0 2 0 1 0 3 0 1 0 2 0 1 0 4 0 1 0 2 0 1 0 3 0 1 0 2 0 1 0 7 0 1 0 2 0 1 0 3 0 1 0 2 0 1 0 4 0 1 0 2 0 1 0 3 0 1 0 2 0 1 0 5 0 1 0 2 0 1 0 3 0 1 0 2 0 1 0 4 0 1 0 2 0 1 0 3 0 1 0 2 0 1 0 6 0 1 0 2 0 1 0 3 0 1 0 2 0 1 0 4 0 1 0 2 0 1 0 3 0 1 0 2 0 1 0 5 0 1 0 2 0 1 0 3 0 1 0 2 0 1 0 4 0 1 0 2
A007949_A2 2 500 0 0 1 0 0 1 0 0 0 0 0 1 0 0 1 0 0 0 0 0 1 0 0 1 0 0 1 0 0 1 0 0 1 0 0 0 0 0 1 0 0 1 0 0 0 0 0 1 0 0 1 0 0 1 0 0 1 0 0 1 0 0 0 0 0 1 0 0 1 0 0 0 0 0 1 0 0 1 0 0 0 0 0 1 0 0 1 0 0 0 0 0 1 0 0 1 0 0 0 0 0 1 0 0 1 0 0 1 0 0 1 0 0 1 0 0 0 0 0 1 0 0 1 0 0 0 0 0 1 0 0 1 0 0 1 0 0 1 0 0 1 0 0 0 0 0 1 0 0 1 0 0 0 0 0 1 0 0 1 0 0 0 0 0 1 0 0 1 0 0 0 0 0 1 0 0 1 0 0 0 0 0 1 0 0 1 0 0 1 0 0 1 0 0 1 0 0 0 0 0 1 0 0 1 0 0 0 0 0 1 0 0 1 0 0 1 0 0 1 0 0 1 0 0 0 0 0 1 0 0 1 0 0 0 0 0 1 0 0 1 0 0 1 0 0 1 0 0 1 0 0 0 0 0 1 0 0 1 0 0 0 0 0 1 0 0 1 0 0 1 0 0 1 0 0 1 0 0 0 0 0 1 0 0 1 0 0 0 0 0 1 0 0 1 0 0 1 0 0 1 0 0 1 0 0 0 0 0 1 0 0 1 0 0 0 0 0 1 0 0 1 0 0 0 0 0 1 0 0 1 0 0 0 0 0 1 0 0 1 0 0 0 0 0 1 0 0 1 0 0 1 0 0 1 0 0 1 0 0 0 0 0 1 0 0 1 0 0 0 0 0 1 0 0 1 0 0 1 0 0 1 0 0 1 0 0 0 0 0 1 0 0 1 0 0 0 0 0 1 0 0 1 0 0 0 0 0 1 0 0 1 0 0 0 0 0 1 0 0 1 0 0 0 0 0 1 0 0 1 0 0 1 0 0 1 0 0 1 0 0 0 0 0 1 0 0 1 0 0 0 0 0 1 0 0 1 0 0 1 0 0 1 0 0 1 0 0 0 0 0 1 0 0 1 0 0 0 0 0 1 0 0 1 0 0 1 0 0 1 0 0 1 0 0 0 0 0 1 0 0
A007949_A3 3 500 0 0 1 0 0 1 0 0 2 0 0 1 0 0 1 0 0 2 0 0 1 0 0 1 0 0 0 0 0 1 0 0 1 0 0 2 0 0 1 0 0 1 0 0 2 0 0 1 0 0 1 0 0 0 0 0 1 0 0 1 0 0 2 0 0 1 0 0 1 0 0 2 0 0 1 0 0 1 0 0 1 0 0 1 0 0 1 0 0 2 0 0 1 0 0 1 0 0 2 0 0 1 0 0 1 0 0 0 0 0 1 0 0 1 0 0 2 0 0 1 0 0 1 0 0 2 0 0 1 0 0 1 0 0 0 0 0 1 0 0 1 0 0 2 0 0 1 0 0 1 0 0 2 0 0 1 0 0 1 0 0 1 0 0 1 0 0 1 0 0 2 0 0 1 0 0 1 0 0 2 0 0 1 0 0 1 0 0 0 0 0 1 0 0 1 0 0 2 0 0 1 0 0 1 0 0 2 0 0 1 0 0 1 0 0 0 0 0 1 0 0 1 0 0 2 0 0 1 0 0 1 0 0 2 0 0 1 0 0 1 0 0 2 0 0 1 0 0 1 0 0 2 0 0 1 0 0 1 0 0 2 0 0 1 0 0 1 0 0 0 0 0 1 0 0 1 0 0 2 0 0 1 0 0 1 0 0 2 0 0 1 0 0 1 0 0 0 0 0 1 0 0 1 0 0 2 0 0 1 0 0 1 0 0 2 0 0 1 0 0 1 0 0 1 0 0 1 0 0 1 0 0 2 0 0 1 0 0 1 0 0 2 0 0 1 0 0 1 0 0 0 0 0 1 0 0 1 0 0 2 0 0 1 0 0 1 0 0 2 0 0 1 0 0 1 0 0 0 0 0 1 0 0 1 0 0 2 0 0 1 0 0 1 0 0 2 0 0 1 0 0 1 0 0 1 0 0 1 0 0 1 0 0 2 0 0 1 0 0 1 0 0 2 0 0 1 0 0 1 0 0 0 0 0 1 0 0 1 0 0 2 0 0 1 0 0 1 0 0 2 0 0 1 0 0 1 0 0 0 0 0 1 0 0 1 0 0 2 0 0 1 0 0 1 0 0 2 0 0 1 0 0 1 0 0 2 0 0 1 0 0 1 0 0 2 0 0 1 0 0
A007949_A4 4 500 0 0 1 0 0 1 0 0 2 0 0 1 0 0 1 0 0 2 0 0 1 0 0 1 0 0 3 0 0 1 0 0 1 0 0 2 0 0 1 0 0 1 0 0 2 0 0 1 0 0 1 0 0 3 0 0 1 0 0 1 0 0 2 0 0 1 0 0 1 0 0 2 0 0 1 0 0 1 0 0 0 0 0 1 0 0 1 0 0 2 0 0 1 0 0 1 0 0 2 0 0 1 0 0 1 0 0 3 0 0 1 0 0 1 0 0 2 0 0 1 0 0 1 0 0 2 0 0 1 0 0 1 0 0 3 0 0 1 0 0 1 0 0 2 0 0 1 0 0 1 0 0 2 0 0 1 0 0 1 0 0 0 0 0 1 0 0 1 0 0 2 0 0 1 0 0 1 0 0 2 0 0 1 0 0 1 0 0 3 0 0 1 0 0 1 0 0 2 0 0 1 0 0 1 0 0 2 0 0 1 0 0 1 0 0 3 0 0 1 0 0 1 0 0 2 0 0 1 0 0 1 0 0 2 0 0 1 0 0 1 0 0 1 0 0 1 0 0 1 0 0 2 0 0 1 0 0 1 0 0 2 0 0 1 0 0 1 0 0 3 0 0 1 0 0 1 0 0 2 0 0 1 0 0 1 0 0 2 0 0 1 0 0 1 0 0 3 0 0 1 0 0 1 0 0 2 0 0 1 0 0 1 0 0 2 0 0 1 0 0 1 0 0 0 0 0 1 0 0 1 0 0 2 0 0 1 0 0 1 0 0 2 0 0 1 0 0 1 0 0 3 0 0 1 0 0 1 0 0 2 0 0 1 0 0 1 0 0 2 0 0 1 0 0 1 0 0 3 0 0 1 0 0 1 0 0 2 0 0 1 0 0 1 0 0 2 0 0 1 0 0 1 0 0 0 0 0 1 0 0 1 0 0 2 0 0 1 0 0 1 0 0 2 0 0 1 0 0 1 0 0 3 0 0 1 0 0 1 0 0 2 0 0 1 0 0 1 0 0 2 0 0 1 0 0 1 0 0 3 0 0 1 0 0 1 0 0 2 0 0 1 0 0 1 0 0 2 0 0 1 0 0 1 0 0 1 0 0 1 0 0 1 0 0 2 0 0 1 0 0
A007949_A5 5 500 0 0 1 0 0 1 0 0 2 0 0 1 0 0 1 0 0 2 0 0 1 0 0 1 0 0 3 0 0 1 0 0 1 0 0 2 0 0 1 0 0 1 0 0 2 0 0 1 0 0 1 0 0 3 0 0 1 0 0 1 0 0 2 0 0 1 0 0 1 0 0 2 0 0 1 0 0 1 0 0 4 0 0 1 0 0 1 0 0 2 0 0 1 0 0 1 0 0 2 0 0 1 0 0 1 0 0 3 0 0 1 0 0 1 0 0 2 0 0 1 0 0 1 0 0 2 0 0 1 0 0 1 0 0 3 0 0 1 0 0 1 0 0 2 0 0 1 0 0 1 0 0 2 0 0 1 0 0 1 0 0 4 0 0 1 0 0 1 0 0 2 0 0 1 0 0 1 0 0 2 0 0 1 0 0 1 0 0 3 0 0 1 0 0 1 0 0 2 0 0 1 0 0 1 0 0 2 0 0 1 0 0 1 0 0 3 0 0 1 0 0 1 0 0 2 0 0 1 0 0 1 0 0 2 0 0 1 0 0 1 0 0 0 0 0 1 0 0 1 0 0 2 0 0 1 0 0 1 0 0 2 0 0 1 0 0 1 0 0 3 0 0 1 0 0 1 0 0 2 0 0 1 0 0 1 0 0 2 0 0 1 0 0 1 0 0 3 0 0 1 0 0 1 0 0 2 0 0 1 0 0 1 0 0 2 0 0 1 0 0 1 0 0 4 0 0 1 0 0 1 0 0 2 0 0 1 0 0 1 0 0 2 0 0 1 0 0 1 0 0 3 0 0 1 0 0 1 0 0 2 0 0 1 0 0 1 0 0 2 0 0 1 0 0 1 0 0 3 0 0 1 0 0 1 0 0 2 0 0 1 0 0 1 0 0 2 0 0 1 0 0 1 0 0 4 0 0 1 0 0 1 0 0 2 0 0 1 0 0 1 0 0 2 0 0 1 0 0 1 0 0 3 0 0 1 0 0 1 0 0 2 0 0 1 0 0 1 0 0 2 0 0 1 0 0 1 0 0 3 0 0 1 0 0 1 0 0 2 0 0 1 0 0 1 0 0 2 0 0 1 0 0 1 0 0 0 0 0 1 0 0 1 0 0 2 0 0 1 0 0
A007949_A8 8 500 0 0 1 0 0 1 0 0 2 0 0 1 0 0 1 0 0 2 0 0 1 0 0 1 0 0 3 0 0 1 0 0 1 0 0 2 0 0 1 0 0 1 0 0 2 0 0 1 0 0 1 0 0 3 0 0 1 0 0 1 0 0 2 0 0 1 0 0 1 0 0 2 0 0 1 0 0 1 0 0 4 0 0 1 0 0 1 0 0 2 0 0 1 0 0 1 0 0 2 0 0 1 0 0 1 0 0 3 0 0 1 0 0 1 0 0 2 0 0 1 0 0 1 0 0 2 0 0 1 0 0 1 0 0 3 0 0 1 0 0 1 0 0 2 0 0 1 0 0 1 0 0 2 0 0 1 0 0 1 0 0 4 0 0 1 0 0 1 0 0 2 0 0 1 0 0 1 0 0 2 0 0 1 0 0 1 0 0 3 0 0 1 0 0 1 0 0 2 0 0 1 0 0 1 0 0 2 0 0 1 0 0 1 0 0 3 0 0 1 0 0 1 0 0 2 0 0 1 0 0 1 0 0 2 0 0 1 0 0 1 0 0 5 0 0 1 0 0 1 0 0 2 0 0 1 0 0 1 0 0 2 0 0 1 0 0 1 0 0 3 0 0 1 0 0 1 0 0 2 0 0 1 0 0 1 0 0 2 0 0 1 0 0 1 0 0 3 0 0 1 0 0 1 0 0 2 0 0 1 0 0 1 0 0 2 0 0 1 0 0 1 0 0 4 0 0 1 0 0 1 0 0 2 0 0 1 0 0 1 0 0 2 0 0 1 0 0 1 0 0 3 0 0 1 0 0 1 0 0 2 0 0 1 0 0 1 0 0 2 0 0 1 0 0 1 0 0 3 0 0 1 0 0 1 0 0 2 0 0 1 0 0 1 0 0 2 0 0 1 0 0 1 0 0 4 0 0 1 0 0 1 0 0 2 0 0 1 0 0 1 0 0 2 0 0 1 0 0 1 0 0 3 0 0 1 0 0 1 0 0 2 0 0 1 0 0 1 0 0 2 0 0 1 0 0 1 0 0 3 0 0 1 0 0 1 0 0 2 0 0 1 0 0 1 0 0 2 0 0 1 0 0 1 0 0 5 0 0 1 0 0 1 0 0 2 0 0 1 0 0
A112765_A2 2 500 0 0 0 0 1 0 0 0 0 1 0 0 0 0 1 0 0 0 0 1 0 0 0 0 0 0 0 0 0 1 0 0 0 0 1 0 0 0 0 1 0 0 0 0 1 0 0 0 0 0 0 0 0 0 1 0 0 0 0 1 0 0 0 0 1 0 0 0 0 1 0 0 0 0 0 0 0 0 0 1 0 0 0 0 1 0 0 0 0 1 0 0 0 0 1 0 0 0 0 0 0 0 0 0 1 0 0 0 0 1 0 0 0 0 1 0 0 0 0 1 0 0 0 0 1 0 0 0 0 1 0 0 0 0 1 0 0 0 0 1 0 0 0 0 1 0 0 0 0 0 0 0 0 0 1 0 0 0 0 1 0 0 0 0 1 0 0 0 0 1 0 0 0 0 0 0 0 0 0 1 0 0 0 0 1 0 0 0 0 1 0 0 0 0 1 0 0 0 0 0 0 0 0 0 1 0 0 0 0 1 0 0 0 0 1 0 0 0 0 1 0 0 0 0 0 0 0 0 0 1 0 0 0 0 1 0 0 0 0 1 0 0 0 0 1 0 0 0 0 1 0 0 0 0 1 0 0 0 0 1 0 0 0 0 1 0 0 0 0 1 0 0 0 0 0 0 0 0 0 1 0 0 0 0 1 0 0 0 0 1 0 0 0 0 1 0 0 0 0 0 0 0 0 0 1 0 0 0 0 1 0 0 0 0 1 0 0 0 0 1 0 0 0 0 0 0 0 0 0 1 0 0 0 0 1 0 0 0 0 1 0 0 0 0 1 0 0 0 0 0 0 0 0 0 1 0 0 0 0 1 0 0 0 0 1 0 0 0 0 1 0 0 0 0 1 0 0 0 0 1 0 0 0 0 1 0 0 0 0 1 0 0 0 0 1 0 0 0 0 0 0 0 0 0 1 0 0 0 0 1 0 0 0 0 1 0 0 0 0 1 0 0 0 0 0 0 0 0 0 1 0 0 0 0 1 0 0 0 0 1 0 0 0 0 1 0 0 0 0 0 0 0 0 0 1 0 0 0 0 1 0 0 0 0 1 0 0 0 0 1 0 0 0 0 0 0 0 0 0 1 0 0 0 0 1 0 0 0 0 1 0 0 0 0 1 0 0 0 0 1
A112765_A3 3 500 0 0 0 0 1 0 0 0 0 1 0 0 0 0 1 0 0 0 0 1 0 0 0 0 2 0 0 0 0 1 0 0 0 0 1 0 0 0 0 1 0 0 0 0 1 0 0 0 0 2 0 0 0 0 1 0 0 0 0 1 0 0 0 0 1 0 0 0 0 1 0 0 0 0 2 0 0 0 0 1 0 0 0 0 1 0 0 0 0 1 0 0 0 0 1 0 0 0 0 2 0 0 0 0 1 0 0 0 0 1 0 0 0 0 1 0 0 0 0 1 0 0 0 0 0 0 0 0 0 1 0 0 0 0 1 0 0 0 0 1 0 0 0 0 1 0 0 0 0 2 0 0 0 0 1 0 0 0 0 1 0 0 0 0 1 0 0 0 0 1 0 0 0 0 2 0 0 0 0 1 0 0 0 0 1 0 0 0 0 1 0 0 0 0 1 0 0 0 0 2 0 0 0 0 1 0 0 0 0 1 0 0 0 0 1 0 0 0 0 1 0 0 0 0 2 0 0 0 0 1 0 0 0 0 1 0 0 0 0 1 0 0 0 0 1 0 0 0 0 0 0 0 0 0 1 0 0 0 0 1 0 0 0 0 1 0 0 0 0 1 0 0 0 0 2 0 0 0 0 1 0 0 0 0 1 0 0 0 0 1 0 0 0 0 1 0 0 0 0 2 0 0 0 0 1 0 0 0 0 1 0 0 0 0 1 0 0 0 0 1 0 0 0 0 2 0 0 0 0 1 0 0 0 0 1 0 0 0 0 1 0 0 0 0 1 0 0 0 0 2 0 0 0 0 1 0 0 0 0 1 0 0 0 0 1 0 0 0 0 1 0 0 0 0 0 0 0 0 0 1 0 0 0 0 1 0 0 0 0 1 0 0 0 0 1 0 0 0 0 2 0 0 0 0 1 0 0 0 0 1 0 0 0 0 1 0 0 0 0 1 0 0 0 0 2 0 0 0 0 1 0 0 0 0 1 0 0 0 0 1 0 0 0 0 1 0 0 0 0 2 0 0 0 0 1 0 0 0 0 1 0 0 0 0 1 0 0 0 0 1 0 0 0 0 2 0 0 0 0 1 0 0 0 0 1 0 0 0 0 1 0 0 0 0 1 0 0 0 0 0
A112765_A4 4 500 0 0 0 0 1 0 0 0 0 1 0 0 0 0 1 0 0 0 0 1 0 0 0 0 2 0 0 0 0 1 0 0 0 0 1 0 0 0 0 1 0 0 0 0 1 0 0 0 0 2 0 0 0 0 1 0 0 0 0 1 0 0 0 0 1 0 0 0 0 1 0 0 0 0 2 0 0 0 0 1 0 0 0 0 1 0 0 0 0 1 0 0 0 0 1 0 0 0 0 2 0 0 0 0 1 0 0 0 0 1 0 0 0 0 1 0 0 0 0 1 0 0 0 0 3 0 0 0 0 1 0 0 0 0 1 0 0 0 0 1 0 0 0 0 1 0 0 0 0 2 0 0 0 0 1 0 0 0 0 1 0 0 0 0 1 0 0 0 0 1 0 0 0 0 2 0 0 0 0 1 0 0 0 0 1 0 0 0 0 1 0 0 0 0 1 0 0 0 0 2 0 0 0 0 1 0 0 0 0 1 0 0 0 0 1 0 0 0 0 1 0 0 0 0 2 0 0 0 0 1 0 0 0 0 1 0 0 0 0 1 0 0 0 0 1 0 0 0 0 3 0 0 0 0 1 0 0 0 0 1 0 0 0 0 1 0 0 0 0 1 0 0 0 0 2 0 0 0 0 1 0 0 0 0 1 0 0 0 0 1 0 0 0 0 1 0 0 0 0 2 0 0 0 0 1 0 0 0 0 1 0 0 0 0 1 0 0 0 0 1 0 0 0 0 2 0 0 0 0 1 0 0 0 0 1 0 0 0 0 1 0 0 0 0 1 0 0 0 0 2 0 0 0 0 1 0 0 0 0 1 0 0 0 0 1 0 0 0 0 1 0 0 0 0 3 0 0 0 0 1 0 0 0 0 1 0 0 0 0 1 0 0 0 0 1 0 0 0 0 2 0 0 0 0 1 0 0 0 0 1 0 0 0 0 1 0 0 0 0 1 0 0 0 0 2 0 0 0 0 1 0 0 0 0 1 0 0 0 0 1 0 0 0 0 1 0 0 0 0 2 0 0 0 0 1 0 0 0 0 1 0 0 0 0 1 0 0 0 0 1 0 0 0 0 2 0 0 0 0 1 0 0 0 0 1 0 0 0 0 1 0 0 0 0 1 0 0 0 0 3
A112765_A5 5 500 0 0 0 0 1 0 0 0 0 1 0 0 0 0 1 0 0 0 0 1 0 0 0 0 2 0 0 0 0 1 0 0 0 0 1 0 0 0 0 1 0 0 0 0 1 0 0 0 0 2 0 0 0 0 1 0 0 0 0 1 0 0 0 0 1 0 0 0 0 1 0 0 0 0 2 0 0 0 0 1 0 0 0 0 1 0 0 0 0 1 0 0 0 0 1 0 0 0 0 2 0 0 0 0 1 0 0 0 0 1 0 0 0 0 1 0 0 0 0 1 0 0 0 0 3 0 0 0 0 1 0 0 0 0 1 0 0 0 0 1 0 0 0 0 1 0 0 0 0 2 0 0 0 0 1 0 0 0 0 1 0 0 0 0 1 0 0 0 0 1 0 0 0 0 2 0 0 0 0 1 0 0 0 0 1 0 0 0 0 1 0 0 0 0 1 0 0 0 0 2 0 0 0 0 1 0 0 0 0 1 0 0 0 0 1 0 0 0 0 1 0 0 0 0 2 0 0 0 0 1 0 0 0 0 1 0 0 0 0 1 0 0 0 0 1 0 0 0 0 3 0 0 0 0 1 0 0 0 0 1 0 0 0 0 1 0 0 0 0 1 0 0 0 0 2 0 0 0 0 1 0 0 0 0 1 0 0 0 0 1 0 0 0 0 1 0 0 0 0 2 0 0 0 0 1 0 0 0 0 1 0 0 0 0 1 0 0 0 0 1 0 0 0 0 2 0 0 0 0 1 0 0 0 0 1 0 0 0 0 1 0 0 0 0 1 0 0 0 0 2 0 0 0 0 1 0 0 0 0 1 0 0 0 0 1 0 0 0 0 1 0 0 0 0 3 0 0 0 0 1 0 0 0 0 1 0 0 0 0 1 0 0 0 0 1 0 0 0 0 2 0 0 0 0 1 0 0 0 0 1 0 0 0 0 1 0 0 0 0 1 0 0 0 0 2 0 0 0 0 1 0 0 0 0 1 0 0 0 0 1 0 0 0 0 1 0 0 0 0 2 0 0 0 0 1 0 0 0 0 1 0 0 0 0 1 0 0 0 0 1 0 0 0 0 2 0 0 0 0 1 0 0 0 0 1 0 0 0 0 1 0 0 0 0 1 0 0 0 0 3
A112765_A8 8 500 0 0 0 0 1 0 0 0 0 1 0 0 0 0 1 0 0 0 0 1 0 0 0 0 2 0 0 0 0 1 0 0 0 0 1 0 0 0 0 1 0 0 0 0 1 0 0 0 0 2 0 0 0 0 1 0 0 0 0 1 0 0 0 0 1 0 0 0 0 1 0 0 0 0 2 0 0 0 0 1 0 0 0 0 1 0 0 0 0 1 0 0 0 0 1 0 0 0 0 2 0 0 0 0 1 0 0 0 0 1 0 0 0 0 1 0 0 0 0 1 0 0 0 0 3 0 0 0 0 1 0 0 0 0 1 0 0 0 0 1 0 0 0 0 1 0 0 0 0 2 0 0 0 0 1 0 0 0 0 1 0 0 0 0 1 0 0 0 0 1 0 0 0 0 2 0 0 0 0 1 0 0 0 0 1 0 0 0 0 1 0 0 0 0 1 0 0 0 0 2 0 0 0 0 1 0 0 0 0 1 0 0 0 0 1 0 0 0 0 1 0 0 0 0 2 0 0 0 0 1 0 0 0 0 1 0 0 0 0 1 0 0 0 0 1 0 0 0 0 3 0 0 0 0 1 0 0 0 0 1 0 0 0 0 1 0 0 0 0 1 0 0 0 0 2 0 0 0 0 1 0 0 0 0 1 0 0 0 0 1 0 0 0 0 1 0 0 0 0 2 0 0 0 0 1 0 0 0 0 1 0 0 0 0 1 0 0 0 0 1 0 0 0 0 2 0 0 0 0 1 0 0 0 0 1 0 0 0 0 1 0 0 0 0 1 0 0 0 0 2 0 0 0 0 1 0 0 0 0 1 0 0 0 0 1 0 0 0 0 1 0 0 0 0 3 0 0 0 0 1 0 0 0 0 1 0 0 0 0 1 0 0 0 0 1 0 0 0 0 2 0 0 0 0 1 0 0 0 0 1 0 0 0 0 1 0 0 0 0 1 0 0 0 0 2 0 0 0 0 1 0 0 0 0 1 0 0 0 0 1 0 0 0 0 1 0 0 0 0 2 0 0 0 0 1 0 0 0 0 1 0 0 0 0 1 0 0 0 0 1 0 0 0 0 2 0 0 0 0 1 0 0 0 0 1 0 0 0 0 1 0 0 0 0 1 0 0 0 0 3
A214411_A2 2 500 0 0 0 0 0 0 1 0 0 0 0 0 0 1 0 0 0 0 0 0 1 0 0 0 0 0 0 1 0 0 0 0 0 0 1 0 0 0 0 0 0 1 0 0 0 0 0 0 0 0 0 0 0 0 0 1 0 0 0 0 0 0 1 0 0 0 0 0 0 1 0 0 0 0 0 0 1 0 0 0 0 0 0 1 0 0 0 0 0 0 1 0 0 0 0 0 0 0 0 0 0 0 0 0 1 0 0 0 0 0 0 1 0 0 0 0 0 0 1 0 0 0 0 0 0 1 0 0 0 0 0 0 1 0 0 0 0 0 0 1 0 0 0 0 0 0 0 0 0 0 0 0 0 1 0 0 0 0 0 0 1 0 0 0 0 0 0 1 0 0 0 0 0 0 1 0 0 0 0 0 0 1 0 0 0 0 0 0 1 0 0 0 0 0 0 0 0 0 0 0 0 0 1 0 0 0 0 0 0 1 0 0 0 0 0 0 1 0 0 0 0 0 0 1 0 0 0 0 0 0 1 0 0 0 0 0 0 1 0 0 0 0 0 0 0 0 0 0 0 0 0 1 0 0 0 0 0 0 1 0 0 0 0 0 0 1 0 0 0 0 0 0 1 0 0 0 0 0 0 1 0 0 0 0 0 0 1 0 0 0 0 0 0 0 0 0 0 0 0 0 1 0 0 0 0 0 0 1 0 0 0 0 0 0 1 0 0 0 0 0 0 1 0 0 0 0 0 0 1 0 0 0 0 0 0 1 0 0 0 0 0 0 1 0 0 0 0 0 0 1 0 0 0 0 0 0 1 0 0 0 0 0 0 1 0 0 0 0 0 0 1 0 0 0 0 0 0 1 0 0 0 0 0 0 1 0 0 0 0 0 0 0 0 0 0 0 0 0 1 0 0 0 0 0 0 1 0 0 0 0 0 0 1 0 0 0 0 0 0 1 0 0 0 0 0 0 1 0 0 0 0 0 0 1 0 0 0 0 0 0 0 0 0 0 0 0 0 1 0 0 0 0 0 0 1 0 0 0 0 0 0 1 0 0 0 0 0 0 1 0 0 0 0 0 0 1 0 0 0 0 0 0 1 0 0 0 0 0 0 0 0 0 0 0 0 0 1 0 0 0
A214411_A3 3 500 0 0 0 0 0 0 1 0 0 0 0 0 0 1 0 0 0 0 0 0 1 0 0 0 0 0 0 1 0 0 0 0 0 0 1 0 0 0 0 0 0 1 0 0 0 0 0 0 2 0 0 0 0 0 0 1 0 0 0 0 0 0 1 0 0 0 0 0 0 1 0 0 0 0 0 0 1 0 0 0 0 0 0 1 0 0 0 0 0 0 1 0 0 0 0 0 0 2 0 0 0 0 0 0 1 0 0 0 0 0 0 1 0 0 0 0 0 0 1 0 0 0 0 0 0 1 0 0 0 0 0 0 1 0 0 0 0 0 0 1 0 0 0 0 0 0 2 0 0 0 0 0 0 1 0 0 0 0 0 0 1 0 0 0 0 0 0 1 0 0 0 0 0 0 1 0 0 0 0 0 0 1 0 0 0 0 0 0 1 0 0 0 0 0 0 2 0 0 0 0 0 0 1 0 0 0 0 0 0 1 0 0 0 0 0 0 1 0 0 0 0 0 0 1 0 0 0 0 0 0 1 0 0 0 0 0 0 1 0 0 0 0 0 0 2 0 0 0 0 0 0 1 0 0 0 0 0 0 1 0 0 0 0 0 0 1 0 0 0 0 0 0 1 0 0 0 0 0 0 1 0 0 0 0 0 0 1 0 0 0 0 0 0 2 0 0 0 0 0 0 1 0 0 0 0 0 0 1 0 0 0 0 0 0 1 0 0 0 0 0 0 1 0 0 0 0 0 0 1 0 0 0 0 0 0 1 0 0 0 0 0 0 0 0 0 0 0 0 0 1 0 0 0 0 0 0 1 0 0 0 0 0 0 1 0 0 0 0 0 0 1 0 0 0 0 0 0 1 0 0 0 0 0 0 1 0 0 0 0 0 0 2 0 0 0 0 0 0 1 0 0 0 0 0 0 1 0 0 0 0 0 0 1 0 0 0 0 0 0 1 0 0 0 0 0 0 1 0 0 0 0 0 0 1 0 0 0 0 0 0 2 0 0 0 0 0 0 1 0 0 0 0 0 0 1 0 0 0 0 0 0 1 0 0 0 0 0 0 1 0 0 0 0 0 0 1 0 0 0 0 0 0 1 0 0 0 0 0 0 2 0 0 0 0 0 0 1 0 0 0
A214411_A4 4 500 0 0 0 0 0 0 1 0 0 0 0 0 0 1 0 0 0 0 0 0 1 0 0 0 0 0 0 1 0 0 0 0 0 0 1 0 0 0 0 0 0 1 0 0 0 0 0 0 2 0 0 0 0 0 0 1 0 0 0 0 0 0 1 0 0 0 0 0 0 1 0 0 0 0 0 0 1 0 0 0 0 0 0 1 0 0 0 0 0 0 1 0 0 0 0 0 0 2 0 0 0 0 0 0 1 0 0 0 0 0 0 1 0 0 0 0 0 0 1 0 0 0 0 0 0 1 0 0 0 0 0 0 1 0 0 0 0 0 0 1 0 0 0 0 0 0 2 0 0 0 0 0 0 1 0 0 0 0 0 0 1 0 0 0 0 0 0 1 0 0 0 0 0 0 1 0 0 0 0 0 0 1 0 0 0 0 0 0 1 0 0 0 0 0 0 2 0 0 0 0 0 0 1 0 0 0 0 0 0 1 0 0 0 0 0 0 1 0 0 0 0 0 0 1 0 0 0 0 0 0 1 0 0 0 0 0 0 1 0 0 0 0 0 0 2 0 0 0 0 0 0 1 0 0 0 0 0 0 1 0 0 0 0 0 0 1 0 0 0 0 0 0 1 0 0 0 0 0 0 1 0 0 0 0 0 0 1 0 0 0 0 0 0 2 0 0 0 0 0 0 1 0 0 0 0 0 0 1 0 0 0 0 0 0 1 0 0 0 0 0 0 1 0 0 0 0 0 0 1 0 0 0 0 0 0 1 0 0 0 0 0 0 3 0 0 0 0 0 0 1 0 0 0 0 0 0 1 0 0 0 0 0 0 1 0 0 0 0 0 0 1 0 0 0 0 0 0 1 0 0 0 0 0 0 1 0 0 0 0 0 0 2 0 0 0 0 0 0 1 0 0 0 0 0 0 1 0 0 0 0 0 0 1 0 0 0 0 0 0 1 0 0 0 0 0 0 1 0 0 0 0 0 0 1 0 0 0 0 0 0 2 0 0 0 0 0 0 1 0 0 0 0 0 0 1 0 0 0 0 0 0 1 0 0 0 0 0 0 1 0 0 0 0 0 0 1 0 0 0 0 0 0 1 0 0 0 0 0 0 2 0 0 0 0 0 0 1 0 0 0
A214411_A5 5 500 0 0 0 0 0 0 1 0 0 0 0 0 0 1 0 0 0 0 0 0 1 0 0 0 0 0 0 1 0 0 0 0 0 0 1 0 0 0 0 0 0 1 0 0 0 0 0 0 2 0 0 0 0 0 0 1 0 0 0 0 0 0 1 0 0 0 0 0 0 1 0 0 0 0 0 0 1 0 0 0 0 0 0 1 0 0 0 0 0 0 1 0 0 0 0 0 0 2 0 0 0 0 0 0 1 0 0 0 0 0 0 1 0 0 0 0 0 0 1 0 0 0 0 0 0 1 0 0 0 0 0 0 1 0 0 0 0 0 0 1 0 0 0 0 0 0 2 0 0 0 0 0 0 1 0 0 0 0 0 0 1 0 0 0 0 0 0 1 0 0 0 0 0 0 1 0 0 0 0 0 0 1 0 0 0 0 0 0 1 0 0 0 0 0 0 2 0 0 0 0 0 0 1 0 0 0 0 0 0 1 0 0 0 0 0 0 1 0 0 0 0 0 0 1 0 0 0 0 0 0 1 0 0 0 0 0 0 1 0 0 0 0 0 0 2 0 0 0 0 0 0 1 0 0 0 0 0 0 1 0 0 0 0 0 0 1 0 0 0 0 0 0 1 0 0 0 0 0 0 1 0 0 0 0 0 0 1 0 0 0 0 0 0 2 0 0 0 0 0 0 1 0 0 0 0 0 0 1 0 0 0 0 0 0 1 0 0 0 0 0 0 1 0 0 0 0 0 0 1 0 0 0 0 0 0 1 0 0 0 0 0 0 3 0 0 0 0 0 0 1 0 0 0 0 0 0 1 0 0 0 0 0 0 1 0 0 0 0 0 0 1 0 0 0 0 0 0 1 0 0 0 0 0 0 1 0 0 0 0 0 0 2 0 0 0 0 0 0 1 0 0 0 0 0 0 1 0 0 0 0 0 0 1 0 0 0 0 0 0 1 0 0 0 0 0 0 1 0 0 0 0 0 0 1 0 0 0 0 0 0 2 0 0 0 0 0 0 1 0 0 0 0 0 0 1 0 0 0 0 0 0 1 0 0 0 0 0 0 1 0 0 0 0 0 0 1 0 0 0 0 0 0 1 0 0 0 0 0 0 2 0 0 0 0 0 0 1 0 0 0
A214411_A8 8 500 0 0 0 0 0 0 1 0 0 0 0 0 0 1 0 0 0 0 0 0 1 0 0 0 0 0 0 1 0 0 0 0 0 0 1 0 0 0 0 0 0 1 0 0 0 0 0 0 2 0 0 0 0 0 0 1 0 0 0 0 0 0 1 0 0 0 0 0 0 1 0 0 0 0 0 0 1 0 0 0 0 0 0 1 0 0 0 0 0 0 1 0 0 0 0 0 0 2 0 0 0 0 0 0 1 0 0 0 0 0 0 1 0 0 0 0 0 0 1 0 0 0 0 0 0 1 0 0 0 0 0 0 1 0 0 0 0 0 0 1 0 0 0 0 0 0 2 0 0 0 0 0 0 1 0 0 0 0 0 0 1 0 0 0 0 0 0 1 0 0 0 0 0 0 1 0 0 0 0 0 0 1 0 0 0 0 0 0 1 0 0 0 0 0 0 2 0 0 0 0 0 0 1 0 0 0 0 0 0 1 0 0 0 0 0 0 1 0 0 0 0 0 0 1 0 0 0 0 0 0 1 0 0 0 0 0 0 1 0 0 0 0 0 0 2 0 0 0 0 0 0 1 0 0 0 0 0 0 1 0 0 0 0 0 0 1 0 0 0 0 0 0 1 0 0 0 0 0 0 1 0 0 0 0 0 0 1 0 0 0 0 0 0 2 0 0 0 0 0 0 1 0 0 0 0 0 0 1 0 0 0 0 0 0 1 0 0 0 0 0 0 1 0 0 0 0 0 0 1 0 0 0 0 0 0 1 0 0 0 0 0 0 3 0 0 0 0 0 0 1 0 0 0 0 0 0 1 0 0 0 0 0 0 1 0 0 0 0 0 0 1 0 0 0 0 0 0 1 0 0 0 0 0 0 1 0 0 0 0 0 0 2 0 0 0 0 0 0 1 0 0 0 0 0 0 1 0 0 0 0 0 0 1 0 0 0 0 0 0 1 0 0 0 0 0 0 1 0 0 0 0 0 0 1 0 0 0 0 0 0 2 0 0 0 0 0 0 1 0 0 0 0 0 0 1 0 0 0 0 0 0 1 0 0 0 0 0 0 1 0 0 0 0 0 0 1 0 0 0 0 0 0 1 0 0 0 0 0 0 2 0 0 0 0 0 0 1 0 0 0
A011371_A2 2 500 0 0 1 1 1 1 0 0 1 1 0 0 0 0 1 1 1 1 0 0 0 0 1 1 0 0 1 1 1 1 0 0 1 1 0 0 0 0 1 1 0 0 1 1 1 1 0 0 0 0 1 1 1 1 0 0 1 1 0 0 0 0 1 1 1 1 0 0 0 0 1 1 0 0 1 1 1 1 0 0 0 0 1 1 1 1 0 0 1 1 0 0 0 0 1 1 0 0 1 1 1 1 0 0 1 1 0 0 0 0 1 1 1 1 0 0 0 0 1 1 0 0 1 1 1 1 0 0 1 1 0 0 0 0 1 1 0 0 1 1 1 1 0 0 0 0 1 1 1 1 0 0 1 1 0 0 0 0 1 1 0 0 1 1 1 1 0 0 1 1 0 0 0 0 1 1 1 1 0 0 0 0 1 1 0 0 1 1 1 1 0 0 0 0 1 1 1 1 0 0 1 1 0 0 0 0 1 1 1 1 0 0 0 0 1 1 0 0 1 1 1 1 0 0 1 1 0 0 0 0 1 1 0 0 1 1 1 1 0 0 0 0 1 1 1 1 0 0 1 1 0 0 0 0 1 1 1 1 0 0 0 0 1 1 0 0 1 1 1 1 0 0 0 0 1 1 1 1 0 0 1 1 0 0 0 0 1 1 0 0 1 1 1 1 0 0 1 1 0 0 0 0 1 1 1 1 0 0 0 0 1 1 0 0 1 1 1 1 0 0 0 0 1 1 1 1 0 0 1 1 0 0 0 0 1 1 1 1 0 0 0 0 1 1 0 0 1 1 1 1 0 0 1 1 0 0 0 0 1 1 0 0 1 1 1 1 0 0 0 0 1 1 1 1 0 0 1 1 0 0 0 0 1 1 0 0 1 1 1 1 0 0 1 1 0 0 0 0 1 1 1 1 0 0 0 0 1 1 0 0 1 1 1 1 0 0 1 1 0 0 0 0 1 1 0 0 1 1 1 1 0 0 0 0 1 1 1 1 0 0 1 1 0 0 0 0 1 1 1 1 0 0 0 0 1 1 0 0 1 1 1 1 0 0 0 0 1 1 1 1 0 0 1 1 0 0 0 0 1 1 0 0 1 1 1 1 0 0 1 1 0 0 0 0 1 1 1 1 0 0
A011371_A3 3 500 0 0 1 1 0 0 1 1 1 1 2 2 1 1 2 2 0 0 1 1 0 0 1 1 1 1 2 2 1 1 2 2 1 1 2 2 1 1 2 2 2 2 0 0 2 2 0 0 1 1 2 2 1 1 2 2 2 2 0 0 2 2 0 0 0 0 1 1 0 0 1 1 1 1 2 2 1 1 2 2 0 0 1 1 0 0 1 1 1 1 2 2 1 1 2 2 1 1 2 2 1 1 2 2 2 2 0 0 2 2 0 0 1 1 2 2 1 1 2 2 2 2 0 0 2 2 0 0 1 1 2 2 1 1 2 2 2 2 0 0 2 2 0 0 1 1 2 2 1 1 2 2 2 2 0 0 2 2 0 0 2 2 0 0 2 2 0 0 0 0 1 1 0 0 1 1 2 2 0 0 2 2 0 0 0 0 1 1 0 0 1 1 1 1 2 2 1 1 2 2 2 2 0 0 2 2 0 0 1 1 2 2 1 1 2 2 2 2 0 0 2 2 0 0 2 2 0 0 2 2 0 0 0 0 1 1 0 0 1 1 2 2 0 0 2 2 0 0 0 0 1 1 0 0 1 1 0 0 1 1 0 0 1 1 1 1 2 2 1 1 2 2 0 0 1 1 0 0 1 1 1 1 2 2 1 1 2 2 1 1 2 2 1 1 2 2 2 2 0 0 2 2 0 0 1 1 2 2 1 1 2 2 2 2 0 0 2 2 0 0 0 0 1 1 0 0 1 1 1 1 2 2 1 1 2 2 0 0 1 1 0 0 1 1 1 1 2 2 1 1 2 2 1 1 2 2 1 1 2 2 2 2 0 0 2 2 0 0 1 1 2 2 1 1 2 2 2 2 0 0 2 2 0 0 1 1 2 2 1 1 2 2 2 2 0 0 2 2 0 0 1 1 2 2 1 1 2 2 2 2 0 0 2 2 0 0 2 2 0 0 2 2 0 0 0 0 1 1 0 0 1 1 2 2 0 0 2 2 0 0 0 0 1 1 0 0 1 1 1 1 2 2 1 1 2 2 2 2 0 0 2 2 0 0 1 1 2 2 1 1 2 2 2 2 0 0 2 2 0 0 2 2 0 0 2 2 0 0 0 0 1 1 0 0 1 1 2 2 0 0
A011371_A4 4 500 0 0 1 1 3 3 0 0 3 3 0 0 2 2 3 3 3 3 0 0 2 2 3 3 2 2 3 3 1 1 2 2 3 3 0 0 2 2 3 3 2 2 3 3 1 1 2 2 2 2 3 3 1 1 2 2 1 1 2 2 0 0 1 1 3 3 0 0 2 2 3 3 2 2 3 3 1 1 2 2 2 2 3 3 1 1 2 2 1 1 2 2 0 0 1 1 2 2 3 3 1 1 2 2 1 1 2 2 0 0 1 1 1 1 2 2 0 0 1 1 0 0 1 1 3 3 0 0 3 3 0 0 2 2 3 3 2 2 3 3 1 1 2 2 2 2 3 3 1 1 2 2 1 1 2 2 0 0 1 1 2 2 3 3 1 1 2 2 1 1 2 2 0 0 1 1 1 1 2 2 0 0 1 1 0 0 1 1 3 3 0 0 2 2 3 3 1 1 2 2 1 1 2 2 0 0 1 1 1 1 2 2 0 0 1 1 0 0 1 1 3 3 0 0 1 1 2 2 0 0 1 1 0 0 1 1 3 3 0 0 0 0 1 1 3 3 0 0 3 3 0 0 2 2 3 3 3 3 0 0 2 2 3 3 2 2 3 3 1 1 2 2 2 2 3 3 1 1 2 2 1 1 2 2 0 0 1 1 2 2 3 3 1 1 2 2 1 1 2 2 0 0 1 1 1 1 2 2 0 0 1 1 0 0 1 1 3 3 0 0 2 2 3 3 1 1 2 2 1 1 2 2 0 0 1 1 1 1 2 2 0 0 1 1 0 0 1 1 3 3 0 0 1 1 2 2 0 0 1 1 0 0 1 1 3 3 0 0 0 0 1 1 3 3 0 0 3 3 0 0 2 2 3 3 2 2 3 3 1 1 2 2 1 1 2 2 0 0 1 1 1 1 2 2 0 0 1 1 0 0 1 1 3 3 0 0 1 1 2 2 0 0 1 1 0 0 1 1 3 3 0 0 0 0 1 1 3 3 0 0 3 3 0 0 2 2 3 3 1 1 2 2 0 0 1 1 0 0 1 1 3 3 0 0 0 0 1 1 3 3 0 0 3 3 0 0 2 2 3 3 0 0 1 1 3 3 0 0 3 3 0 0 2 2 3 3 3 3 0 0
A011371_A5 5 500 0 0 1 1 3 3 4 4 2 2 3 3 0 0 1 1 0 0 1 1 3 3 4 4 2 2 3 3 0 0 1 1 1 1 2 2 4 4 0 0 3 3 4 4 1 1 2 2 1 1 2 2 4 4 0 0 3 3 4 4 1 1 2 2 3 3 4 4 1 1 2 2 0 0 1 1 3 3 4 4 3 3 4 4 1 1 2 2 0 0 1 1 3 3 4 4 4 4 0 0 2 2 3 3 1 1 2 2 4 4 0 0 4 4 0 0 2 2 3 3 1 1 2 2 4 4 0 0 2 2 3 3 0 0 1 1 4 4 0 0 2 2 3 3 2 2 3 3 0 0 1 1 4 4 0 0 2 2 3 3 3 3 4 4 1 1 2 2 0 0 1 1 3 3 4 4 3 3 4 4 1 1 2 2 0 0 1 1 3 3 4 4 0 0 1 1 3 3 4 4 2 2 3 3 0 0 1 1 0 0 1 1 3 3 4 4 2 2 3 3 0 0 1 1 1 1 2 2 4 4 0 0 3 3 4 4 1 1 2 2 1 1 2 2 4 4 0 0 3 3 4 4 1 1 2 2 0 0 1 1 3 3 4 4 2 2 3 3 0 0 1 1 0 0 1 1 3 3 4 4 2 2 3 3 0 0 1 1 1 1 2 2 4 4 0 0 3 3 4 4 1 1 2 2 1 1 2 2 4 4 0 0 3 3 4 4 1 1 2 2 3 3 4 4 1 1 2 2 0 0 1 1 3 3 4 4 3 3 4 4 1 1 2 2 0 0 1 1 3 3 4 4 4 4 0 0 2 2 3 3 1 1 2 2 4 4 0 0 4 4 0 0 2 2 3 3 1 1 2 2 4 4 0 0 2 2 3 3 0 0 1 1 4 4 0 0 2 2 3 3 2 2 3 3 0 0 1 1 4 4 0 0 2 2 3 3 3 3 4 4 1 1 2 2 0 0 1 1 3 3 4 4 3 3 4 4 1 1 2 2 0 0 1 1 3 3 4 4 0 0 1 1 3 3 4 4 2 2 3 3 0 0 1 1 0 0 1 1 3 3 4 4 2 2 3 3 0 0 1 1 1 1 2 2 4 4 0 0 3 3 4 4 1 1 2 2 1 1 2 2
A011371_A8 8 500 0 0 1 1 3 3 4 4 7 7 0 0 2 2 3 3 7 7 0 0 2 2 3 3 6 6 7 7 1 1 2 2 7 7 0 0 2 2 3 3 6 6 7 7 1 1 2 2 6 6 7 7 1 1 2 2 5 5 6 6 0 0 1 1 7 7 0 0 2 2 3 3 6 6 7 7 1 1 2 2 6 6 7 7 1 1 2 2 5 5 6 6 0 0 1 1 6 6 7 7 1 1 2 2 5 5 6 6 0 0 1 1 5 5 6 6 0 0 1 1 4 4 5 5 7 7 0 0 7 7 0 0 2 2 3 3 6 6 7 7 1 1 2 2 6 6 7 7 1 1 2 2 5 5 6 6 0 0 1 1 6 6 7 7 1 1 2 2 5 5 6 6 0 0 1 1 5 5 6 6 0 0 1 1 4 4 5 5 7 7 0 0 6 6 7 7 1 1 2 2 5 5 6 6 0 0 1 1 5 5 6 6 0 0 1 1 4 4 5 5 7 7 0 0 5 5 6 6 0 0 1 1 4 4 5 5 7 7 0 0 4 4 5 5 7 7 0 0 3 3 4 4 6 6 7 7 7 7 0 0 2 2 3 3 6 6 7 7 1 1 2 2 6 6 7 7 1 1 2 2 5 5 6 6 0 0 1 1 6 6 7 7 1 1 2 2 5 5 6 6 0 0 1 1 5 5 6 6 0 0 1 1 4 4 5 5 7 7 0 0 6 6 7 7 1 1 2 2 5 5 6 6 0 0 1 1 5 5 6 6 0 0 1 1 4 4 5 5 7 7 0 0 5 5 6 6 0 0 1 1 4 4 5 5 7 7 0 0 4 4 5 5 7 7 0 0 3 3 4 4 6 6 7 7 6 6 7 7 1 1 2 2 5 5 6 6 0 0 1 1 5 5 6 6 0 0 1 1 4 4 5 5 7 7 0 0 5 5 6 6 0 0 1 1 4 4 5 5 7 7 0 0 4 4 5 5 7 7 0 0 3 3 4 4 6 6 7 7 5 5 6 6 0 0 1 1 4 4 5 5 7 7 0 0 4 4 5 5 7 7 0 0 3 3 4 4 6 6 7 7 4 4 5 5 7 7 0 0 3 3 4 4 6 6 7 7 3 3 4 4
A054861_A2 2 500 0 0 0 1 1 1 0 0 0 0 0 0 1 1 1 0 0 0 0 0 0 1 1 1 0 0 0 1 1 1 0 0 0 1 1 1 1 1 1 0 0 0 1 1 1 1 1 1 0 0 0 1 1 1 0 0 0 1 1 1 0 0 0 0 0 0 1 1 1 0 0 0 0 0 0 1 1 1 0 0 0 0 0 0 1 1 1 0 0 0 0 0 0 1 1 1 0 0 0 0 0 0 1 1 1 0 0 0 1 1 1 0 0 0 1 1 1 1 1 1 0 0 0 1 1 1 1 1 1 0 0 0 1 1 1 0 0 0 1 1 1 0 0 0 0 0 0 1 1 1 0 0 0 0 0 0 1 1 1 0 0 0 0 0 0 1 1 1 0 0 0 0 0 0 1 1 1 0 0 0 0 0 0 1 1 1 0 0 0 1 1 1 0 0 0 1 1 1 1 1 1 0 0 0 1 1 1 1 1 1 0 0 0 1 1 1 0 0 0 1 1 1 0 0 0 0 0 0 1 1 1 0 0 0 0 0 0 1 1 1 0 0 0 1 1 1 0 0 0 1 1 1 1 1 1 0 0 0 1 1 1 1 1 1 0 0 0 1 1 1 0 0 0 1 1 1 0 0 0 0 0 0 1 1 1 0 0 0 0 0 0 1 1 1 0 0 0 1 1 1 0 0 0 1 1 1 1 1 1 0 0 0 1 1 1 1 1 1 0 0 0 1 1 1 1 1 1 0 0 0 1 1 1 1 1 1 0 0 0 1 1 1 1 1 1 0 0 0 1 1 1 0 0 0 1 1 1 0 0 0 0 0 0 1 1 1 0 0 0 0 0 0 1 1 1 0 0 0 1 1 1 0 0 0 1 1 1 1 1 1 0 0 0 1 1 1 1 1 1 0 0 0 1 1 1 1 1 1 0 0 0 1 1 1 1 1 1 0 0 0 1 1 1 1 1 1 0 0 0 1 1 1 0 0 0 1 1 1 0 0 0 0 0 0 1 1 1 0 0 0 0 0 0 1 1 1 0 0 0 1 1 1 0 0 0 1 1 1 1 1 1 0 0 0 1 1 1 1 1 1 0 0 0 1 1 1 0 0 0 1 1 1 0 0 0 0 0 0 1 1
A054861_A3 3 500 0 0 0 1 1 1 2 2 2 1 1 1 2 2 2 0 0 0 2 2 2 0 0 0 1 1 1 1 1 1 2 2 2 0 0 0 2 2 2 0 0 0 1 1 1 0 0 0 1 1 1 2 2 2 2 2 2 0 0 0 1 1 1 0 0 0 1 1 1 2 2 2 1 1 1 2 2 2 0 0 0 1 1 1 2 2 2 0 0 0 2 2 2 0 0 0 1 1 1 0 0 0 1 1 1 2 2 2 2 2 2 0 0 0 1 1 1 0 0 0 1 1 1 2 2 2 1 1 1 2 2 2 0 0 0 0 0 0 1 1 1 2 2 2 1 1 1 2 2 2 0 0 0 2 2 2 0 0 0 1 1 1 2 2 2 0 0 0 1 1 1 0 0 0 1 1 1 2 2 2 1 1 1 2 2 2 0 0 0 0 0 0 1 1 1 2 2 2 1 1 1 2 2 2 0 0 0 2 2 2 0 0 0 1 1 1 1 1 1 2 2 2 0 0 0 2 2 2 0 0 0 1 1 1 0 0 0 1 1 1 2 2 2 1 1 1 2 2 2 0 0 0 2 2 2 0 0 0 1 1 1 0 0 0 1 1 1 2 2 2 2 2 2 0 0 0 1 1 1 0 0 0 1 1 1 2 2 2 1 1 1 2 2 2 0 0 0 0 0 0 1 1 1 2 2 2 1 1 1 2 2 2 0 0 0 2 2 2 0 0 0 1 1 1 2 2 2 0 0 0 1 1 1 0 0 0 1 1 1 2 2 2 1 1 1 2 2 2 0 0 0 0 0 0 1 1 1 2 2 2 1 1 1 2 2 2 0 0 0 2 2 2 0 0 0 1 1 1 1 1 1 2 2 2 0 0 0 2 2 2 0 0 0 1 1 1 0 0 0 1 1 1 2 2 2 0 0 0 1 1 1 2 2 2 1 1 1 2 2 2 0 0 0 2 2 2 0 0 0 1 1 1 1 1 1 2 2 2 0 0 0 2 2 2 0 0 0 1 1 1 0 0 0 1 1 1 2 2 2 2 2 2 0 0 0 1 1 1 0 0 0 1 1 1 2 2 2 1 1 1 2 2 2 0 0 0 2 2 2 0 0 0 1 1 1 0 0 0 1 1
A054861_A4 4 500 0 0 0 1 1 1 2 2 2 0 0 0 1 1 1 2 2 2 0 0 0 1 1 1 2 2 2 1 1 1 2 2 2 3 3 3 1 1 1 2 2 2 3 3 3 1 1 1 2 2 2 3 3 3 2 2 2 3 3 3 0 0 0 2 2 2 3 3 3 0 0 0 2 2 2 3 3 3 0 0 0 0 0 0 1 1 1 2 2 2 0 0 0 1 1 1 2 2 2 0 0 0 1 1 1 2 2 2 1 1 1 2 2 2 3 3 3 1 1 1 2 2 2 3 3 3 1 1 1 2 2 2 3 3 3 2 2 2 3 3 3 0 0 0 2 2 2 3 3 3 0 0 0 2 2 2 3 3 3 0 0 0 0 0 0 1 1 1 2 2 2 0 0 0 1 1 1 2 2 2 0 0 0 1 1 1 2 2 2 1 1 1 2 2 2 3 3 3 1 1 1 2 2 2 3 3 3 1 1 1 2 2 2 3 3 3 2 2 2 3 3 3 0 0 0 2 2 2 3 3 3 0 0 0 2 2 2 3 3 3 0 0 0 1 1 1 2 2 2 3 3 3 1 1 1 2 2 2 3 3 3 1 1 1 2 2 2 3 3 3 2 2 2 3 3 3 0 0 0 2 2 2 3 3 3 0 0 0 2 2 2 3 3 3 0 0 0 3 3 3 0 0 0 1 1 1 3 3 3 0 0 0 1 1 1 3 3 3 0 0 0 1 1 1 1 1 1 2 2 2 3 3 3 1 1 1 2 2 2 3 3 3 1 1 1 2 2 2 3 3 3 2 2 2 3 3 3 0 0 0 2 2 2 3 3 3 0 0 0 2 2 2 3 3 3 0 0 0 3 3 3 0 0 0 1 1 1 3 3 3 0 0 0 1 1 1 3 3 3 0 0 0 1 1 1 1 1 1 2 2 2 3 3 3 1 1 1 2 2 2 3 3 3 1 1 1 2 2 2 3 3 3 2 2 2 3 3 3 0 0 0 2 2 2 3 3 3 0 0 0 2 2 2 3 3 3 0 0 0 3 3 3 0 0 0 1 1 1 3 3 3 0 0 0 1 1 1 3 3 3 0 0 0 1 1 1 2 2 2 3 3 3 0 0 0 2 2 2 3 3
A054861_A5 5 500 0 0 0 1 1 1 2 2 2 4 4 4 0 0 0 1 1 1 3 3 3 4 4 4 0 0 0 3 3 3 4 4 4 0 0 0 2 2 2 3 3 3 4 4 4 1 1 1 2 2 2 3 3 3 1 1 1 2 2 2 3 3 3 0 0 0 1 1 1 2 2 2 4 4 4 0 0 0 1 1 1 0 0 0 1 1 1 2 2 2 4 4 4 0 0 0 1 1 1 3 3 3 4 4 4 0 0 0 3 3 3 4 4 4 0 0 0 2 2 2 3 3 3 4 4 4 1 1 1 2 2 2 3 3 3 1 1 1 2 2 2 3 3 3 0 0 0 1 1 1 2 2 2 4 4 4 0 0 0 1 1 1 0 0 0 1 1 1 2 2 2 4 4 4 0 0 0 1 1 1 3 3 3 4 4 4 0 0 0 3 3 3 4 4 4 0 0 0 2 2 2 3 3 3 4 4 4 1 1 1 2 2 2 3 3 3 1 1 1 2 2 2 3 3 3 0 0 0 1 1 1 2 2 2 4 4 4 0 0 0 1 1 1 1 1 1 2 2 2 3 3 3 0 0 0 1 1 1 2 2 2 4 4 4 0 0 0 1 1 1 4 4 4 0 0 0 1 1 1 3 3 3 4 4 4 0 0 0 2 2 2 3 3 3 4 4 4 2 2 2 3 3 3 4 4 4 1 1 1 2 2 2 3 3 3 0 0 0 1 1 1 2 2 2 1 1 1 2 2 2 3 3 3 0 0 0 1 1 1 2 2 2 4 4 4 0 0 0 1 1 1 4 4 4 0 0 0 1 1 1 3 3 3 4 4 4 0 0 0 2 2 2 3 3 3 4 4 4 2 2 2 3 3 3 4 4 4 1 1 1 2 2 2 3 3 3 0 0 0 1 1 1 2 2 2 1 1 1 2 2 2 3 3 3 0 0 0 1 1 1 2 2 2 4 4 4 0 0 0 1 1 1 4 4 4 0 0 0 1 1 1 3 3 3 4 4 4 0 0 0 2 2 2 3 3 3 4 4 4 2 2 2 3 3 3 4 4 4 1 1 1 2 2 2 3 3 3 0 0 0 1 1 1 2 2 2 2 2 2 3 3 3 4 4 4 1 1 1 2 2
A054861_A8 8 500 0 0 0 1 1 1 2 2 2 4 4 4 5 5 5 6 6 6 0 0 0 1 1 1 2 2 2 5 5 5 6 6 6 7 7 7 1 1 1 2 2 2 3 3 3 5 5 5 6 6 6 7 7 7 2 2 2 3 3 3 4 4 4 6 6 6 7 7 7 0 0 0 2 2 2 3 3 3 4 4 4 0 0 0 1 1 1 2 2 2 4 4 4 5 5 5 6 6 6 0 0 0 1 1 1 2 2 2 5 5 5 6 6 6 7 7 7 1 1 1 2 2 2 3 3 3 5 5 5 6 6 6 7 7 7 2 2 2 3 3 3 4 4 4 6 6 6 7 7 7 0 0 0 2 2 2 3 3 3 4 4 4 0 0 0 1 1 1 2 2 2 4 4 4 5 5 5 6 6 6 0 0 0 1 1 1 2 2 2 5 5 5 6 6 6 7 7 7 1 1 1 2 2 2 3 3 3 5 5 5 6 6 6 7 7 7 2 2 2 3 3 3 4 4 4 6 6 6 7 7 7 0 0 0 2 2 2 3 3 3 4 4 4 1 1 1 2 2 2 3 3 3 5 5 5 6 6 6 7 7 7 1 1 1 2 2 2 3 3 3 6 6 6 7 7 7 0 0 0 2 2 2 3 3 3 4 4 4 6 6 6 7 7 7 0 0 0 3 3 3 4 4 4 5 5 5 7 7 7 0 0 0 1 1 1 3 3 3 4 4 4 5 5 5 1 1 1 2 2 2 3 3 3 5 5 5 6 6 6 7 7 7 1 1 1 2 2 2 3 3 3 6 6 6 7 7 7 0 0 0 2 2 2 3 3 3 4 4 4 6 6 6 7 7 7 0 0 0 3 3 3 4 4 4 5 5 5 7 7 7 0 0 0 1 1 1 3 3 3 4 4 4 5 5 5 1 1 1 2 2 2 3 3 3 5 5 5 6 6 6 7 7 7 1 1 1 2 2 2 3 3 3 6 6 6 7 7 7 0 0 0 2 2 2 3 3 3 4 4 4 6 6 6 7 7 7 0 0 0 3 3 3 4 4 4 5 5 5 7 7 7 0 0 0 1 1 1 3 3 3 4 4 4 5 5 5 2 2 2 3 3 3 4 4 4 6 6 6 7 7
SYNTH_v5_fact_A2 2 500 0 0 0 0 0 1 1 1 1 1 0 0 0 0 0 1 1 1 1 1 0 0 0 0 0 0 0 0 0 0 1 1 1 1 1 0 0 0 0 0 1 1 1 1 1 0 0 0 0 0 0 0 0 0 0 1 1 1 1 1 0 0 0 0 0 1 1 1 1 1 0 0 0 0 0 0 0 0 0 0 1 1 1 1 1 0 0 0 0 0 1 1 1 1 1 0 0 0 0 0 0 0 0 0 0 1 1 1 1 1 0 0 0 0 0 1 1 1 1 1 0 0 0 0 0 1 1 1 1 1 0 0 0 0 0 1 1 1 1 1 0 0 0 0 0 1 1 1 1 1 1 1 1 1 1 0 0 0 0 0 1 1 1 1 1 0 0 0 0 0 1 1 1 1 1 1 1 1 1 1 0 0 0 0 0 1 1 1 1 1 0 0 0 0 0 1 1 1 1 1 1 1 1 1 1 0 0 0 0 0 1 1 1 1 1 0 0 0 0 0 1 1 1 1 1 1 1 1 1 1 0 0 0 0 0 1 1 1 1 1 0 0 0 0 0 1 1 1 1 1 0 0 0 0 0 1 1 1 1 1 0 0 0 0 0 1 1 1 1 1 0 0 0 0 0 0 0 0 0 0 1 1 1 1 1 0 0 0 0 0 1 1 1 1 1 0 0 0 0 0 0 0 0 0 0 1 1 1 1 1 0 0 0 0 0 1 1 1 1 1 0 0 0 0 0 0 0 0 0 0 1 1 1 1 1 0 0 0 0 0 1 1 1 1 1 0 0 0 0 0 0 0 0 0 0 1 1 1 1 1 0 0 0 0 0 1 1 1 1 1 0 0 0 0 0 1 1 1 1 1 0 0 0 0 0 1 1 1 1 1 0 0 0 0 0 1 1 1 1 1 1 1 1 1 1 0 0 0 0 0 1 1 1 1 1 0 0 0 0 0 1 1 1 1 1 1 1 1 1 1 0 0 0 0 0 1 1 1 1 1 0 0 0 0 0 1 1 1 1 1 1 1 1 1 1 0 0 0 0 0 1 1 1 1 1 0 0 0 0 0 1 1 1 1 1 1 1 1 1 1 0 0 0 0 0 1 1 1 1 1 0 0 0 0 0 1 1 1 1 1
SYNTH_v5_fact_A3 3 500 0 0 0 0 0 1 1 1 1 1 2 2 2 2 2 0 0 0 0 0 1 1 1 1 1 0 0 0 0 0 1 1 1 1 1 2 2 2 2 2 0 0 0 0 0 1 1 1 1 1 0 0 0 0 0 1 1 1 1 1 2 2 2 2 2 0 0 0 0 0 1 1 1 1 1 0 0 0 0 0 1 1 1 1 1 2 2 2 2 2 0 0 0 0 0 1 1 1 1 1 0 0 0 0 0 1 1 1 1 1 2 2 2 2 2 0 0 0 0 0 1 1 1 1 1 1 1 1 1 1 2 2 2 2 2 0 0 0 0 0 1 1 1 1 1 2 2 2 2 2 1 1 1 1 1 2 2 2 2 2 0 0 0 0 0 1 1 1 1 1 2 2 2 2 2 1 1 1 1 1 2 2 2 2 2 0 0 0 0 0 1 1 1 1 1 2 2 2 2 2 1 1 1 1 1 2 2 2 2 2 0 0 0 0 0 1 1 1 1 1 2 2 2 2 2 1 1 1 1 1 2 2 2 2 2 0 0 0 0 0 1 1 1 1 1 2 2 2 2 2 2 2 2 2 2 0 0 0 0 0 1 1 1 1 1 2 2 2 2 2 0 0 0 0 0 2 2 2 2 2 0 0 0 0 0 1 1 1 1 1 2 2 2 2 2 0 0 0 0 0 2 2 2 2 2 0 0 0 0 0 1 1 1 1 1 2 2 2 2 2 0 0 0 0 0 2 2 2 2 2 0 0 0 0 0 1 1 1 1 1 2 2 2 2 2 0 0 0 0 0 2 2 2 2 2 0 0 0 0 0 1 1 1 1 1 2 2 2 2 2 0 0 0 0 0 0 0 0 0 0 1 1 1 1 1 2 2 2 2 2 0 0 0 0 0 1 1 1 1 1 0 0 0 0 0 1 1 1 1 1 2 2 2 2 2 0 0 0 0 0 1 1 1 1 1 0 0 0 0 0 1 1 1 1 1 2 2 2 2 2 0 0 0 0 0 1 1 1 1 1 0 0 0 0 0 1 1 1 1 1 2 2 2 2 2 0 0 0 0 0 1 1 1 1 1 0 0 0 0 0 1 1 1 1 1 2 2 2 2 2 0 0 0 0 0 1 1 1 1 1
SYNTH_v5_fact_A4 4 500 0 0 0 0 0 1 1 1 1 1 2 2 2 2 2 3 3 3 3 3 0 0 0 0 0 2 2 2 2 2 3 3 3 3 3 0 0 0 0 0 1 1 1 1 1 2 2 2 2 2 0 0 0 0 0 1 1 1 1 1 2 2 2 2 2 3 3 3 3 3 0 0 0 0 0 2 2 2 2 2 3 3 3 3 3 0 0 0 0 0 1 1 1 1 1 2 2 2 2 2 0 0 0 0 0 1 1 1 1 1 2 2 2 2 2 3 3 3 3 3 0 0 0 0 0 3 3 3 3 3 0 0 0 0 0 1 1 1 1 1 2 2 2 2 2 3 3 3 3 3 1 1 1 1 1 2 2 2 2 2 3 3 3 3 3 0 0 0 0 0 1 1 1 1 1 3 3 3 3 3 0 0 0 0 0 1 1 1 1 1 2 2 2 2 2 3 3 3 3 3 1 1 1 1 1 2 2 2 2 2 3 3 3 3 3 0 0 0 0 0 1 1 1 1 1 3 3 3 3 3 0 0 0 0 0 1 1 1 1 1 2 2 2 2 2 3 3 3 3 3 2 2 2 2 2 3 3 3 3 3 0 0 0 0 0 1 1 1 1 1 2 2 2 2 2 0 0 0 0 0 1 1 1 1 1 2 2 2 2 2 3 3 3 3 3 0 0 0 0 0 2 2 2 2 2 3 3 3 3 3 0 0 0 0 0 1 1 1 1 1 2 2 2 2 2 0 0 0 0 0 1 1 1 1 1 2 2 2 2 2 3 3 3 3 3 0 0 0 0 0 2 2 2 2 2 3 3 3 3 3 0 0 0 0 0 1 1 1 1 1 2 2 2 2 2 1 1 1 1 1 2 2 2 2 2 3 3 3 3 3 0 0 0 0 0 1 1 1 1 1 3 3 3 3 3 0 0 0 0 0 1 1 1 1 1 2 2 2 2 2 3 3 3 3 3 1 1 1 1 1 2 2 2 2 2 3 3 3 3 3 0 0 0 0 0 1 1 1 1 1 3 3 3 3 3 0 0 0 0 0 1 1 1 1 1 2 2 2 2 2 3 3 3 3 3 1 1 1 1 1 2 2 2 2 2 3 3 3 3 3 0 0 0 0 0 1 1 1 1 1
SYNTH_v5_fact_A5 5 500 0 0 0 0 0 1 1 1 1 1 2 2 2 2 2 3 3 3 3 3 4 4 4 4 4 1 1 1 1 1 2 2 2 2 2 3 3 3 3 3 4 4 4 4 4 0 0 0 0 0 2 2 2 2 2 3 3 3 3 3 4 4 4 4 4 0 0 0 0 0 1 1 1 1 1 3 3 3 3 3 4 4 4 4 4 0 0 0 0 0 1 1 1 1 1 2 2 2 2 2 4 4 4 4 4 0 0 0 0 0 1 1 1 1 1 2 2 2 2 2 3 3 3 3 3 1 1 1 1 1 2 2 2 2 2 3 3 3 3 3 4 4 4 4 4 0 0 0 0 0 2 2 2 2 2 3 3 3 3 3 4 4 4 4 4 0 0 0 0 0 1 1 1 1 1 3 3 3 3 3 4 4 4 4 4 0 0 0 0 0 1 1 1 1 1 2 2 2 2 2 4 4 4 4 4 0 0 0 0 0 1 1 1 1 1 2 2 2 2 2 3 3 3 3 3 0 0 0 0 0 1 1 1 1 1 2 2 2 2 2 3 3 3 3 3 4 4 4 4 4 2 2 2 2 2 3 3 3 3 3 4 4 4 4 4 0 0 0 0 0 1 1 1 1 1 3 3 3 3 3 4 4 4 4 4 0 0 0 0 0 1 1 1 1 1 2 2 2 2 2 4 4 4 4 4 0 0 0 0 0 1 1 1 1 1 2 2 2 2 2 3 3 3 3 3 0 0 0 0 0 1 1 1 1 1 2 2 2 2 2 3 3 3 3 3 4 4 4 4 4 1 1 1 1 1 2 2 2 2 2 3 3 3 3 3 4 4 4 4 4 0 0 0 0 0 3 3 3 3 3 4 4 4 4 4 0 0 0 0 0 1 1 1 1 1 2 2 2 2 2 4 4 4 4 4 0 0 0 0 0 1 1 1 1 1 2 2 2 2 2 3 3 3 3 3 0 0 0 0 0 1 1 1 1 1 2 2 2 2 2 3 3 3 3 3 4 4 4 4 4 1 1 1 1 1 2 2 2 2 2 3 3 3 3 3 4 4 4 4 4 0 0 0 0 0 2 2 2 2 2 3 3 3 3 3 4 4 4 4 4 0 0 0 0 0 1 1 1 1 1
SYNTH_v5_fact_A8 8 500 0 0 0 0 0 1 1 1 1 1 2 2 2 2 2 3 3 3 3 3 4 4 4 4 4 6 6 6 6 6 7 7 7 7 7 0 0 0 0 0 1 1 1 1 1 2 2 2 2 2 4 4 4 4 4 5 5 5 5 5 6 6 6 6 6 7 7 7 7 7 0 0 0 0 0 2 2 2 2 2 3 3 3 3 3 4 4 4 4 4 5 5 5 5 5 6 6 6 6 6 0 0 0 0 0 1 1 1 1 1 2 2 2 2 2 3 3 3 3 3 4 4 4 4 4 7 7 7 7 7 0 0 0 0 0 1 1 1 1 1 2 2 2 2 2 3 3 3 3 3 5 5 5 5 5 6 6 6 6 6 7 7 7 7 7 0 0 0 0 0 1 1 1 1 1 3 3 3 3 3 4 4 4 4 4 5 5 5 5 5 6 6 6 6 6 7 7 7 7 7 1 1 1 1 1 2 2 2 2 2 3 3 3 3 3 4 4 4 4 4 5 5 5 5 5 7 7 7 7 7 0 0 0 0 0 1 1 1 1 1 2 2 2 2 2 3 3 3 3 3 6 6 6 6 6 7 7 7 7 7 0 0 0 0 0 1 1 1 1 1 2 2 2 2 2 4 4 4 4 4 5 5 5 5 5 6 6 6 6 6 7 7 7 7 7 0 0 0 0 0 2 2 2 2 2 3 3 3 3 3 4 4 4 4 4 5 5 5 5 5 6 6 6 6 6 0 0 0 0 0 1 1 1 1 1 2 2 2 2 2 3 3 3 3 3 4 4 4 4 4 6 6 6 6 6 7 7 7 7 7 0 0 0 0 0 1 1 1 1 1 2 2 2 2 2 5 5 5 5 5 6 6 6 6 6 7 7 7 7 7 0 0 0 0 0 1 1 1 1 1 3 3 3 3 3 4 4 4 4 4 5 5 5 5 5 6 6 6 6 6 7 7 7 7 7 1 1 1 1 1 2 2 2 2 2 3 3 3 3 3 4 4 4 4 4 5 5 5 5 5 7 7 7 7 7 0 0 0 0 0 1 1 1 1 1 2 2 2 2 2 3 3 3 3 3 5 5 5 5 5 6 6 6 6 6 7 7 7 7 7 0 0 0 0 0 1 1 1 1 1
SYNTH_v2_cbc_A2 2 200 0 1 1 0 1 0 0 1 1 0 0 1 0 1 1 0 1 0 0 1 0 1 1 0 0 1 1 0 1 0 0 1 1 0 0 1 0 1 1 0 0 1 1 0 1 0 0 1 0 1 1 0 1 0 0 1 1 0 0 1 0 1 1 0 1 0 0 1 0 1 1 0 0 1 1 0 1 0 0 1 0 1 1 0 1 0 0 1 1 0 0 1 0 1 1 0 0 1 1 0 1 0 0 1 1 0 0 1 0 1 1 0 1 0 0 1 0 1 1 0 0 1 1 0 1 0 0 1 1 0 0 1 0 1 1 0 0 1 1 0 1 0 0 1 0 1 1 0 1 0 0 1 1 0 0 1 0 1 1 0 0 1 1 0 1 0 0 1 1 0 0 1 0 1 1 0 1 0 0 1 0 1 1 0 0 1 1 0 1 0 0 1 0 1 1 0 1 0 0 1
SYNTH_v2_cbc_A3 3 200 0 1 1 2 1 2 2 0 1 2 2 0 2 0 0 1 1 2 2 0 2 0 0 1 2 0 0 1 0 1 1 2 1 2 2 0 2 0 0 1 2 0 0 1 0 1 1 2 2 0 0 1 0 1 1 2 0 1 1 2 1 2 2 0 1 2 2 0 2 0 0 1 2 0 0 1 0 1 1 2 2 0 0 1 0 1 1 2 0 1 1 2 1 2 2 0 2 0 0 1 0 1 1 2 0 1 1 2 1 2 2 0 0 1 1 2 1 2 2 0 1 2 2 0 2 0 0 1 1 2 2 0 2 0 0 1 2 0 0 1 0 1 1 2 2 0 0 1 0 1 1 2 0 1 1 2 1 2 2 0 2 0 0 1 0 1 1 2 0 1 1 2 1 2 2 0 0 1 1 2 1 2 2 0 1 2 2 0 2 0 0 1 2 0 0 1 0 1 1 2
SYNTH_v2_cbc_A4 4 200 0 1 1 2 1 2 2 3 1 2 2 3 2 3 3 0 1 2 2 3 2 3 3 0 2 3 3 0 3 0 0 1 1 2 2 3 2 3 3 0 2 3 3 0 3 0 0 1 2 3 3 0 3 0 0 1 3 0 0 1 0 1 1 2 1 2 2 3 2 3 3 0 2 3 3 0 3 0 0 1 2 3 3 0 3 0 0 1 3 0 0 1 0 1 1 2 2 3 3 0 3 0 0 1 3 0 0 1 0 1 1 2 3 0 0 1 0 1 1 2 0 1 1 2 1 2 2 3 1 2 2 3 2 3 3 0 2 3 3 0 3 0 0 1 2 3 3 0 3 0 0 1 3 0 0 1 0 1 1 2 2 3 3 0 3 0 0 1 3 0 0 1 0 1 1 2 3 0 0 1 0 1 1 2 0 1 1 2 1 2 2 3 2 3 3 0 3 0 0 1
SYNTH_v3_cbc_A2 2 200 0 0 1 0 0 0 1 1 0 0 0 1 0 0 1 0 0 1 1 1 0 1 1 1 0 0 1 0 0 1 0 0 0 1 1 0 0 0 1 0 0 0 1 1 0 0 0 1 0 0 0 1 1 0 1 1 0 1 1 1 0 0 1 1 1 0 1 1 0 1 1 0 0 0 1 0 0 0 1 1 0 0 0 1 0 0 0 1 1 0 0 0 1 0 0 1 0 0 1 1 1 0 1 1 1 0 0 1 0 0 1 0 0 0 1 1 0 0 0 1 0 0 1 0 0 1 1 1 0 1 1 1 0 0 1 0 0 1 0 0 0 1 1 0 0 0 1 0 0 1 0 0 1 1 1 0 1 1 1 0 0 1 1 1 0 1 1 1 0 0 1 1 1 0 1 1 0 1 1 0 0 0 1 0 0 0 1 1 0 1 1 0 1 1 1 0 0 1 1 1
SYNTH_v3_cbc_A3 3 200 0 0 1 0 0 2 1 1 2 0 0 1 0 0 0 2 2 0 1 1 2 1 1 0 2 2 0 0 0 1 0 0 2 1 1 2 0 0 1 0 0 1 0 0 1 2 2 0 2 2 1 0 0 1 1 1 2 1 1 0 2 2 0 1 1 2 1 1 1 0 0 1 2 2 0 2 2 1 0 0 1 0 0 1 0 0 2 1 1 2 0 0 1 0 0 0 2 2 0 1 1 2 1 1 0 2 2 0 0 0 1 0 0 2 1 1 2 0 0 1 0 0 2 1 1 2 0 0 1 0 0 2 1 1 2 2 2 0 2 2 1 0 0 1 2 2 0 2 2 2 1 1 2 0 0 1 0 0 2 1 1 2 1 1 2 1 1 0 2 2 0 1 1 2 1 1 1 0 0 1 2 2 0 2 2 1 0 0 1 1 1 2 1 1 0 2 2 0 1 1
SYNTH_v3_cbc_A4 4 200 0 0 1 0 0 2 1 1 2 0 0 1 0 0 3 2 2 3 1 1 2 1 1 3 2 2 3 0 0 1 0 0 2 1 1 2 0 0 1 0 0 0 3 3 0 2 2 3 2 2 0 3 3 0 1 1 2 1 1 3 2 2 3 1 1 2 1 1 0 3 3 0 2 2 3 2 2 0 3 3 0 0 0 1 0 0 2 1 1 2 0 0 1 0 0 3 2 2 3 1 1 2 1 1 3 2 2 3 0 0 1 0 0 2 1 1 2 0 0 1 0 0 1 0 0 1 3 3 0 3 3 1 0 0 1 2 2 3 2 2 0 3 3 0 2 2 3 2 2 1 0 0 1 3 3 0 3 3 1 0 0 1 1 1 2 1 1 3 2 2 3 1 1 2 1 1 0 3 3 0 2 2 3 2 2 0 3 3 0 1 1 2 1 1 3 2 2 3 1 1
